3.036107499999999959e+00 9.999962499999999466e+01 1.570592500000000058e+00 1.821670000000000060e-03 1.012040000000000051e+00 -1.913792500000000159e-04 -6.746945000000000503e-05 6.072262500000000750e-04
1.319031232441471602e+01 9.999431617892976476e+01 1.569915242474916317e+00 7.914507282608696306e-03 1.012040000000000051e+00 -8.314637663043478351e-04 -6.747450798494982480e-05 6.072905091973244095e-04
2.334464104954947317e+01 9.998297787821394422e+01 1.569239148105133097e+00 1.400834836707490552e-02 1.012040000000000051e+00 -1.471623405560572133e-03 -6.748532129737167852e-05 6.074292720567478314e-04
3.349877227545566427e+01 9.996481620377670652e+01 1.568561006682263059e+00 2.010401531181529519e-02 1.012040951505124742e+00 -2.111922854230801998e-03 -6.750279816076205724e-05 6.076524051868318699e-04
4.365306074189781071e+01 9.993971703077804136e+01 1.567889242242601400e+00 2.620272023090325364e-02 1.012050879029820605e+00 -2.752453815755771718e-03 -6.752688079236320213e-05 6.079588724007620052e-04
5.380748548128171649e+01 9.990724318802612913e+01 1.567208426238151819e+00 3.230547924856788655e-02 1.012056282331443180e+00 -3.393290791499756556e-03 -6.755811187574192582e-05 6.083576360605111354e-04
6.396194350936247019e+01 9.987084717185682337e+01 1.566529207577852301e+00 3.841113965683112808e-02 1.012063054962639708e+00 -4.034345184978638255e-03 -6.759313348449440121e-05 6.088047581372819103e-04
7.411647495575948597e+01 9.982580079097691339e+01 1.565853511864653713e+00 4.452319909037320833e-02 1.012072847654135410e+00 -4.675879093894823313e-03 -6.763651510782006020e-05 6.093585348413599508e-04
8.427104845000549460e+01 9.977702169621773010e+01 1.565175730310288671e+00 5.063900256028501523e-02 1.012083589669280137e+00 -5.317697780916551611e-03 -6.768350395669746767e-05 6.099587566314077728e-04
9.442573584629342065e+01 9.971813117499844736e+01 1.564492298489055022e+00 5.676494812778069138e-02 1.012096903276187287e+00 -5.960287894027920148e-03 -6.774026430081160892e-05 6.106847919947441024e-04
1.045804323269070011e+02 9.965899181948643104e+01 1.563808933197463835e+00 6.289121068864698960e-02 1.012110196452116195e+00 -6.602901721708579613e-03 -6.779726823524998545e-05 6.114139761996452037e-04
1.147356773745015488e+02 9.958482633196392442e+01 1.563129585371376917e+00 6.903661524228732471e-02 1.012122255880981481e+00 -7.246947579696745578e-03 -6.786898163890318773e-05 6.123333066601545794e-04
1.248909224220960965e+02 9.951066084444140358e+01 1.562450237545289777e+00 7.518201979592767370e-02 1.012134315309846988e+00 -7.890993437684911543e-03 -6.794069504255639000e-05 6.132526371206639551e-04
1.350462477785772535e+02 9.942792857932226980e+01 1.561768827061249754e+00 8.134108957712925247e-02 1.012150499213335886e+00 -8.536070614217794450e-03 -6.802084352766407573e-05 6.142817253646713728e-04
1.452016447507210444e+02 9.933755686756154546e+01 1.561085577196509311e+00 8.751234536124982699e-02 1.012170361128008400e+00 -9.182067471798066247e-03 -6.810851401902930514e-05 6.154086904031994681e-04
1.553570528476688253e+02 9.924690927755503367e+01 1.560402282875998692e+00 9.368415491577622434e-02 1.012190267645919128e+00 -9.828105782413191702e-03 -6.819646128139385559e-05 6.165392907149439125e-04
1.655134404818060716e+02 9.913197065263568675e+01 1.559715074232105758e+00 9.990472386494880785e-02 1.012214101471718752e+00 -1.047779402604097007e-02 -6.830877818547523013e-05 6.179899762452892471e-04
1.756698281159433463e+02 9.901703202771635404e+01 1.559027865588212602e+00 1.061252928141213775e-01 1.012237935297518598e+00 -1.112748226966874844e-02 -6.842109508955659112e-05 6.194406617756345818e-04
1.858262157500806211e+02 9.890209340279702133e+01 1.558340656944319447e+00 1.123458617632939749e-01 1.012261769123318444e+00 -1.177717051329652681e-02 -6.853341199363795211e-05 6.208913473059799164e-04
1.959826033842178958e+02 9.878715477787767441e+01 1.557653448300426513e+00 1.185664307124665445e-01 1.012285602949118068e+00 -1.242685875692430518e-02 -6.864572889771931310e-05 6.223420328363252511e-04
2.061389910183551422e+02 9.867221615295834170e+01 1.556966239656533357e+00 1.247869996616391142e-01 1.012309436774917915e+00 -1.307654700055208355e-02 -6.875804580180067409e-05 6.237927183666705858e-04
2.162968284258127767e+02 9.852343395160225725e+01 1.556273117132485284e+00 1.310953922317032172e-01 1.012341646471728085e+00 -1.373275863386449851e-02 -6.890523646893089457e-05 6.257111957639366773e-04
2.264547009225535419e+02 9.837383262437366227e+01 1.555579851473084529e+00 1.374059104222738470e-01 1.012374058892167472e+00 -1.438912815466486875e-02 -6.905327119583823804e-05 6.276409952631048419e-04
2.366125734192942787e+02 9.822423129714506729e+01 1.554886585813683775e+00 1.437164286128444490e-01 1.012406471312606859e+00 -1.504549767546523725e-02 -6.920130592274559506e-05 6.295707947622728980e-04
2.467704459160350723e+02 9.807462996991647231e+01 1.554193320154283020e+00 1.500269468034151066e-01 1.012438883733046469e+00 -1.570186719626560923e-02 -6.934934064965295208e-05 6.315005942614409541e-04
2.569283184127758091e+02 9.792502864268787732e+01 1.553500054494882265e+00 1.563374649939857364e-01 1.012471296153485856e+00 -1.635823671706598120e-02 -6.949737537656029555e-05 6.334303937606091187e-04
2.670870645616850538e+02 9.775907468057839367e+01 1.552802011424270656e+00 1.627027541815032063e-01 1.012507324917193419e+00 -1.701864771383231403e-02 -6.966296585683805621e-05 6.356029682385393436e-04
2.772470027132166024e+02 9.757080934059887056e+01 1.552097450099717113e+00 1.691427723908633385e-01 1.012548287784900136e+00 -1.768457286156489838e-02 -6.985250923829001285e-05 6.381067825642373079e-04
2.874069408647480373e+02 9.738254400061936167e+01 1.551392888775163792e+00 1.755827906002234429e-01 1.012589250652606632e+00 -1.835049800929747926e-02 -7.004205261974196948e-05 6.406105968899352722e-04
2.975668790162795290e+02 9.719427866063985277e+01 1.550688327450610249e+00 1.820228088095835750e-01 1.012630213520313349e+00 -1.901642315703006014e-02 -7.023159600119393967e-05 6.431144112156332365e-04
3.077268171678110207e+02 9.700601332066032967e+01 1.549983766126056928e+00 1.884628270189437071e-01 1.012671176388019845e+00 -1.968234830476264449e-02 -7.042113938264589631e-05 6.456182255413312008e-04
3.178867553193424556e+02 9.681774798068082077e+01 1.549279204801503385e+00 1.949028452283038115e-01 1.012712139255726562e+00 -2.034827345249522537e-02 -7.061068276409785294e-05 6.481220398670290567e-04
3.280479169269376030e+02 9.661277346055562987e+01 1.548569494385369172e+00 2.014161873239867506e-01 1.012757467736026928e+00 -2.101950217473578728e-02 -7.081936247776404584e-05 6.509041635818402401e-04
3.382116801278313005e+02 9.637226804366905242e+01 1.547848834788019934e+00 2.080854475085505695e-01 1.012812079384563191e+00 -2.170200857527453814e-02 -7.106873425641297261e-05 6.542780926447354156e-04
3.483754433287249412e+02 9.613176262678246076e+01 1.547128175190670474e+00 2.147547076931143606e-01 1.012866691033099231e+00 -2.238451497581328553e-02 -7.131810603506189938e-05 6.576520217076305911e-04
3.585392065296185820e+02 9.589125720989588331e+01 1.546407515593321014e+00 2.214239678776782072e-01 1.012921302681635272e+00 -2.306702137635203639e-02 -7.156747781371081260e-05 6.610259507705257666e-04
3.687029697305122795e+02 9.565075179300929165e+01 1.545686855995971776e+00 2.280932280622420261e-01 1.012975914330171534e+00 -2.374952777689078726e-02 -7.181684959235973937e-05 6.643998798334209421e-04
3.788667329314059202e+02 9.541024637612269998e+01 1.544966196398622316e+00 2.347624882468058172e-01 1.013030525978707574e+00 -2.443203417742953465e-02 -7.206622137100866614e-05 6.677738088963161176e-04
3.890304961322996178e+02 9.516974095923612254e+01 1.544245536801273078e+00 2.414317484313696360e-01 1.013085137627243837e+00 -2.511454057796828204e-02 -7.231559314965757936e-05 6.711477379592112932e-04
3.991942593331932585e+02 9.492923554234953087e+01 1.543524877203923618e+00 2.481010086159334549e-01 1.013139749275779877e+00 -2.579704697850703290e-02 -7.256496492830650613e-05 6.745216670221064687e-04
4.093580225340868992e+02 9.468873012546295342e+01 1.542804217606574158e+00 2.547702688004972460e-01 1.013194360924316140e+00 -2.647955337904578030e-02 -7.281433670695543290e-05 6.778955960850015358e-04
4.195217857349805399e+02 9.444822470857636176e+01 1.542083558009224920e+00 2.614395289850610649e-01 1.013248972572852180e+00 -2.716205977958453116e-02 -7.306370848560434612e-05 6.812695251478967113e-04
4.296912111772300022e+02 9.414495220499802031e+01 1.541336516050446859e+00 2.684675845626496304e-01 1.013321824837789986e+00 -2.786985971837485643e-02 -7.339153559219706031e-05 6.858729827014034552e-04
4.398607451876424648e+02 9.384047620144927748e+01 1.540588968234652523e+00 2.755025197051126917e-01 1.013395026849425617e+00 -2.857814463701913513e-02 -7.372086700606028079e-05 6.905000153096091907e-04
4.500302791980549841e+02 9.353600019790053466e+01 1.539841420418858187e+00 2.825374548475758640e-01 1.013468228861061471e+00 -2.928642955566341730e-02 -7.405019841992348771e-05 6.951270479178150346e-04
4.601998132084675035e+02 9.323152419435179183e+01 1.539093872603064073e+00 2.895723899900389808e-01 1.013541430872697102e+00 -2.999471447430770293e-02 -7.437952983378669464e-05 6.997540805260208784e-04
4.703693472188799660e+02 9.292704819080303480e+01 1.538346324787269737e+00 2.966073251325020976e-01 1.013614632884332734e+00 -3.070299939295198163e-02 -7.470886124764991511e-05 7.043811131342266139e-04
4.805388812292924854e+02 9.262257218725429198e+01 1.537598776971475401e+00 3.036422602749652144e-01 1.013687834895968365e+00 -3.141128431159626727e-02 -7.503819266151312204e-05 7.090081457424324577e-04
4.907084152397050048e+02 9.231809618370554915e+01 1.536851229155681064e+00 3.106771954174283867e-01 1.013761036907603996e+00 -3.211956923024054944e-02 -7.536752407537632896e-05 7.136351783506381932e-04
5.008779492501174673e+02 9.201362018015680633e+01 1.536103681339886728e+00 3.177121305598914480e-01 1.013834238919239628e+00 -3.282785414888483161e-02 -7.569685548923954944e-05 7.182622109588440371e-04
5.110474832605300435e+02 9.170914417660804929e+01 1.535356133524092392e+00 3.247470657023546203e-01 1.013907440930875259e+00 -3.353613906752911378e-02 -7.602618690310275636e-05 7.228892435670497725e-04
5.212241522358323209e+02 9.134257760271432858e+01 1.534577247133602329e+00 3.322423759479540828e-01 1.014000906826280746e+00 -3.427560503373966450e-02 -7.644182518761109498e-05 7.290184788354127322e-04
5.314010796781194585e+02 9.097376177283180709e+01 1.533797225490586502e+00 3.397543634676078450e-01 1.014095106789060230e+00 -3.501620054599217241e-02 -7.686058997336744773e-05 7.352021320018717939e-04
5.415780071204065962e+02 9.060494594294928561e+01 1.533017203847570675e+00 3.472663509872614962e-01 1.014189306751839714e+00 -3.575679605824467339e-02 -7.727935475912380047e-05 7.413857851683307472e-04
5.517549345626939612e+02 9.023613011306676412e+01 1.532237182204554848e+00 3.547783385069152584e-01 1.014283506714619199e+00 -3.649739157049718130e-02 -7.769811954488015321e-05 7.475694383347897005e-04
5.619318620049810988e+02 8.986731428318422843e+01 1.531457160561539022e+00 3.622903260265689651e-01 1.014377706677398905e+00 -3.723798708274968922e-02 -7.811688433063650595e-05 7.537530915012486538e-04
5.721087894472682365e+02 8.949849845330170695e+01 1.530677138918523195e+00 3.698023135462226718e-01 1.014471906640178389e+00 -3.797858259500219019e-02 -7.853564911639285869e-05 7.599367446677077155e-04
5.822857168895554878e+02 8.912968262341918546e+01 1.529897117275507368e+00 3.773143010658764340e-01 1.014566106602957873e+00 -3.871917810725469811e-02 -7.895441390214921144e-05 7.661203978341666688e-04
5.924626443318426254e+02 8.876086679353666398e+01 1.529117095632491541e+00 3.848262885855300852e-01 1.014660306565737358e+00 -3.945977361950719908e-02 -7.937317868790556418e-05 7.723040510006256220e-04
6.026418765770640675e+02 8.837565513958446672e+01 1.528326772891728469e+00 3.924913725135503739e-01 1.014761123211455729e+00 -4.021024257599833257e-02 -7.981714766333429002e-05 7.789875313565300385e-04
6.128276633871917056e+02 8.794381585797007972e+01 1.527507155145833462e+00 4.005918430555892584e-01 1.014880756857595712e+00 -4.098879034571323993e-02 -8.033279413216480179e-05 7.870924563428401220e-04
6.230134501973191163e+02 8.751197657635570692e+01 1.526687537399938233e+00 4.086923135976280874e-01 1.015000390503735694e+00 -4.176733811542814034e-02 -8.084844060099531356e-05 7.951973813291500969e-04
6.331992370074465271e+02 8.708013729474133413e+01 1.525867919654043225e+00 4.167927841396669164e-01 1.015120024149875677e+00 -4.254588588514304076e-02 -8.136408706982582533e-05 8.033023063154601804e-04
6.433850238175741652e+02 8.664829801312694713e+01 1.525048301908148218e+00 4.248932546817058009e-01 1.015239657796015660e+00 -4.332443365485795506e-02 -8.187973353865635065e-05 8.114072313017702638e-04
6.535708106277015759e+02 8.621645873151256012e+01 1.524228684162252989e+00 4.329937252237446299e-01 1.015359291442155643e+00 -4.410298142457285547e-02 -8.239538000748686242e-05 8.195121562880802388e-04
6.637565974378291003e+02 8.578461944989818733e+01 1.523409066416357982e+00 4.410941957657834589e-01 1.015478925088295625e+00 -4.488152919428775589e-02 -8.291102647631737419e-05 8.276170812743902138e-04
6.739423842479566247e+02 8.535278016828380032e+01 1.522589448670462975e+00 4.491946663078223434e-01 1.015598558734435608e+00 -4.566007696400267019e-02 -8.342667294514788596e-05 8.357220062607002972e-04
6.841322311050097369e+02 8.489644477896652575e+01 1.521753031056082950e+00 4.575776370857839170e-01 1.015729480390385797e+00 -4.645576604498052181e-02 -8.398315092760282529e-05 8.447796002738366429e-04
6.943280966498126645e+02 8.440379591198326636e+01 1.520891709009683845e+00 4.663793913754866738e-01 1.015877135598340031e+00 -4.727686571899063217e-02 -8.460015829195190304e-05 8.552494482600656598e-04
7.045239621946158195e+02 8.391114704500000698e+01 1.520030386963284741e+00 4.751811456651895416e-01 1.016024790806294043e+00 -4.809796539300074947e-02 -8.521716565630096723e-05 8.657192962462947851e-04
7.147198277394188608e+02 8.341849817801676181e+01 1.519169064916885636e+00 4.839828999548922983e-01 1.016172446014248276e+00 -4.891906506701085983e-02 -8.583417302065003143e-05 8.761891442325238019e-04
7.249156932842219021e+02 8.292584931103350243e+01 1.518307742870486532e+00 4.927846542445950551e-01 1.016320101222202288e+00 -4.974016474102097018e-02 -8.645118038499910917e-05 8.866589922187528188e-04
7.351115588290250571e+02 8.243320044405024305e+01 1.517446420824087427e+00 5.015864085342979228e-01 1.016467756430156522e+00 -5.056126441503108748e-02 -8.706818774934817337e-05 8.971288402049820525e-04
7.453074243738279847e+02 8.194055157706699788e+01 1.516585098777688323e+00 5.103881628240006796e-01 1.016615411638110533e+00 -5.138236408904119784e-02 -8.768519511369725111e-05 9.075986881912109609e-04
7.555043178388393699e+02 8.144261306553754309e+01 1.515719418569238197e+00 5.192643313577570696e-01 1.016766116286152322e+00 -5.220765518943927541e-02 -8.831139319945289828e-05 9.183330195406687975e-04
7.657117988699934585e+02 8.089019127694751887e+01 1.514808849342552000e+00 5.289069657363570931e-01 1.016948230131489606e+00 -5.307611793269161049e-02 -8.903225560837945763e-05 9.317915264431018496e-04
7.759192799011474335e+02 8.033776948835750886e+01 1.513898280115865580e+00 5.385496001149568945e-01 1.017130343976826889e+00 -5.394458067594393169e-02 -8.975311801730600342e-05 9.452500333455346850e-04
7.861267609323015222e+02 7.978534769976749885e+01 1.512987710889179160e+00 5.481922344935568070e-01 1.017312457822164173e+00 -5.481304341919625983e-02 -9.047398042623256277e-05 9.587085402479676288e-04
7.963342419634556109e+02 7.923292591117748884e+01 1.512077141662492963e+00 5.578348688721568305e-01 1.017494571667501457e+00 -5.568150616244859491e-02 -9.119484283515912212e-05 9.721670471504005725e-04
8.065417229946095858e+02 7.868050412258747883e+01 1.511166572435806543e+00 5.674775032507566319e-01 1.017676685512838741e+00 -5.654996890570091611e-02 -9.191570524408566791e-05 9.856255540528335163e-04
8.167492040257635608e+02 7.812808233399746882e+01 1.510256003209120124e+00 5.771201376293565444e-01 1.017858799358176025e+00 -5.741843164895324425e-02 -9.263656765301221370e-05 9.990840609552663516e-04
8.269602623397111074e+02 7.755964443169435185e+01 1.509332298093355895e+00 5.870349404927374115e-01 1.018051669549174587e+00 -5.830091162489221823e-02 -9.338441371130506757e-05 1.013574807448323206e-03
8.371805391228590452e+02 7.694993384856026353e+01 1.508374742483829190e+00 5.976511071954260235e-01 1.018272258275976450e+00 -5.921951327061780734e-02 -9.420179521170947098e-05 1.030725580957176811e-03
8.474008159060068692e+02 7.634022326542616099e+01 1.507417186874302262e+00 6.082672738981147464e-01 1.018492847002778534e+00 -6.013811491634339645e-02 -9.501917671211388794e-05 1.047876354466030415e-03
8.576210926891549207e+02 7.573051268229205846e+01 1.506459631264775556e+00 6.188834406008035804e-01 1.018713435729580397e+00 -6.105671656206899944e-02 -9.583655821251830490e-05 1.065027127974884236e-03
8.678413694723027447e+02 7.512080209915797013e+01 1.505502075655248850e+00 6.294996073034923034e-01 1.018934024456382481e+00 -6.197531820779458855e-02 -9.665393971292270830e-05 1.082177901483737841e-03
8.780616462554506825e+02 7.451109151602386760e+01 1.504544520045722145e+00 6.401157740061810264e-01 1.019154613183184344e+00 -6.289391985352017767e-02 -9.747132121332712526e-05 1.099328674992591445e-03
8.882861286521682587e+02 7.388521682584632799e+01 1.503571790478588577e+00 6.510623571454688951e-01 1.019389062666708590e+00 -6.382779053760219423e-02 -9.831155666081179366e-05 1.117826810929587302e-03
8.985206337139495645e+02 7.322082042456143824e+01 1.502562898888418097e+00 6.627963767006121998e-01 1.019656544600757497e+00 -6.479804983770071081e-02 -9.920625680249343969e-05 1.139535931925907651e-03
9.087551387757309840e+02 7.255642402327654850e+01 1.501554007298247617e+00 6.745303962557556154e-01 1.019924026534806183e+00 -6.576830913779921350e-02 -1.001009569441750857e-04 1.161245052922228217e-03
9.189896438375125172e+02 7.189202762199164454e+01 1.500545115708077137e+00 6.862644158108991421e-01 1.020191508468854868e+00 -6.673856843789773008e-02 -1.009956570858567453e-04 1.182954173918548783e-03
9.292241488992939367e+02 7.122763122070675479e+01 1.499536224117906658e+00 6.979984353660424468e-01 1.020458990402903776e+00 -6.770882773799624665e-02 -1.018903572275383913e-04 1.204663294914869349e-03
9.394586539610753562e+02 7.056323481942186504e+01 1.498527332527736178e+00 7.097324549211858624e-01 1.020726472336952462e+00 -6.867908703809474935e-02 -1.027850573692200238e-04 1.226372415911189699e-03
9.497046799474001091e+02 6.985984815833026573e+01 1.497482317174413602e+00 7.224221728599904413e-01 1.021033521005233036e+00 -6.968796331453561144e-02 -1.037097490774857963e-04 1.252291363489013839e-03
9.599550734923943764e+02 6.914168037037615022e+01 1.496423607377182607e+00 7.354741940796973854e-01 1.021355569340638425e+00 -7.071147920684958676e-02 -1.046458105266223122e-04 1.279806247618143957e-03
9.702054670373886438e+02 6.842351258242203471e+01 1.495364897579951391e+00 7.485262152994043294e-01 1.021677617676043814e+00 -7.173499509916356209e-02 -1.055818719757588281e-04 1.307321131747274075e-03
9.804558605823830248e+02 6.770534479446790499e+01 1.494306187782720396e+00 7.615782365191113845e-01 1.021999666011449426e+00 -7.275851099147755130e-02 -1.065179334248953440e-04 1.334836015876404627e-03
9.907062541273772922e+02 6.698717700651378948e+01 1.493247477985489402e+00 7.746302577388183286e-01 1.022321714346854815e+00 -7.378202688379152663e-02 -1.074539948740318600e-04 1.362350900005534745e-03
1.000965666210295581e+03 6.624058913925929915e+01 1.492164276876344342e+00 7.885218751745226573e-01 1.022680123728418877e+00 -7.483405739640296150e-02 -1.083754377235650275e-04 1.393879722305004865e-03
1.011232774535980411e+03 6.546974813567729257e+01 1.491060175363635443e+00 8.031299874965164287e-01 1.023069562911137931e+00 -7.591042172476814009e-02 -1.092844053479114245e-04 1.428833960439055339e-03
1.021499882861665469e+03 6.469890713209527178e+01 1.489956073850926543e+00 8.177380998185104222e-01 1.023459002093857206e+00 -7.698678605313331869e-02 -1.101933729722578487e-04 1.463788198573106030e-03
1.031766991187350413e+03 6.392806612851326520e+01 1.488851972338217644e+00 8.323462121405041936e-01 1.023848441276576260e+00 -7.806315038149849728e-02 -1.111023405966042593e-04 1.498742436707156504e-03
1.042034099513035244e+03 6.315722512493125862e+01 1.487747870825508967e+00 8.469543244624980760e-01 1.024237880459295313e+00 -7.913951470986367587e-02 -1.120113082209506699e-04 1.533696674841206978e-03
1.052317081769162542e+03 6.234962478343962289e+01 1.486615351497004189e+00 8.628774666293738127e-01 1.024682833045971186e+00 -8.025128990290023023e-02 -1.128147254052995301e-04 1.575482159119573214e-03
1.062606481810115383e+03 6.152716274642181560e+01 1.485471342926584670e+00 8.793322716137494943e-01 1.025150229543613456e+00 -8.137738160757687633e-02 -1.135754688476524836e-04 1.620029496740094848e-03
1.072895881851068225e+03 6.070470070940401541e+01 1.484327334356165151e+00 8.957870765981251759e-01 1.025617626041255726e+00 -8.250347331225350855e-02 -1.143362122900054372e-04 1.664576834360616698e-03
1.083185281892020839e+03 5.988223867238622944e+01 1.483183325785745632e+00 9.122418815825004135e-01 1.026085022538897773e+00 -8.362956501693012690e-02 -1.150969557323583637e-04 1.709124171981137464e-03
1.093479066397622773e+03 5.904918322999451163e+01 1.482033136605575008e+00 9.291604817648532189e-01 1.026572606501442664e+00 -8.476449849477228626e-02 -1.157834819176040614e-04 1.756296585329008642e-03
1.103788475252270928e+03 5.817837744031960767e+01 1.480860922386591172e+00 9.477318488501921268e-01 1.027132129919143377e+00 -8.593094025496714194e-02 -1.162055296720416358e-04 1.812823641197802184e-03
1.114097884106918627e+03 5.730757165064472503e+01 1.479688708167607336e+00 9.663032159355305906e-01 1.027691653336844091e+00 -8.709738201516198375e-02 -1.166275774264792102e-04 1.869350697066594425e-03
1.124407292961566782e+03 5.643676586096982106e+01 1.478516493948623500e+00 9.848745830208694985e-01 1.028251176754544804e+00 -8.826382377535683943e-02 -1.170496251809167846e-04 1.925877752935388184e-03
1.134722976860685549e+03 5.555372513240083521e+01 1.477343452868926654e+00 1.004101986868738416e+00 1.028840988753183083e+00 -8.943747594031807580e-02 -1.173031171756542011e-04 1.986427091416435864e-03
1.145055683859430246e+03 5.463749315161166464e+01 1.476168168660538793e+00 1.025109103867555493e+00 1.029512968381590010e+00 -9.063068867401460893e-02 -1.170993468348943261e-04 2.057888180077843601e-03
1.155388390858175171e+03 5.372126117082247987e+01 1.474992884452150710e+00 1.046116220866373014e+00 1.030184948009997159e+00 -9.182390140771116982e-02 -1.168955764941344511e-04 2.129349268739253506e-03
1.165721097856920096e+03 5.280502919003329509e+01 1.473817600243762627e+00 1.067123337865190758e+00 1.030856927638404308e+00 -9.301711414140773071e-02 -1.166918061533745896e-04 2.200810357400662977e-03
1.176069200464246478e+03 5.186316255077697690e+01 1.472656015861757872e+00 1.089863904184666721e+00 1.031605959765297564e+00 -9.421316044232379283e-02 -1.158264955187310671e-04 2.283831492681667220e-03
1.186427842150560537e+03 5.090374768086973489e+01 1.471503809709369337e+00 1.113791104940469401e+00 1.032407738255767482e+00 -9.541114646446523240e-02 -1.145083268256580307e-04 2.374766069238898412e-03
1.196786483836874595e+03 4.994433281096249289e+01 1.470351603556981024e+00 1.137718305696271859e+00 1.033209516746237178e+00 -9.660913248660665809e-02 -1.131901581325849942e-04 2.465700645796130037e-03
1.207145939430781254e+03 4.898385074504206216e+01 1.469201393435157543e+00 1.161737315582234142e+00 1.034015568699549359e+00 -9.780638495661068965e-02 -1.118232983726629652e-04 2.557295838609168880e-03
1.217535225228278250e+03 4.798425530234833758e+01 1.468124339035967507e+00 1.189121185395269453e+00 1.034978245640418404e+00 -9.897675229888100445e-02 -1.086718816807555620e-04 2.673103015159249314e-03
1.227924511025775246e+03 4.698465985965460590e+01 1.467047284636777471e+00 1.216505055208304986e+00 1.035940922581287449e+00 -1.001471196411513193e-01 -1.055204649888481588e-04 2.788910191709329748e-03
1.238313796823272014e+03 4.598506441696090263e+01 1.465970230237587435e+00 1.243888925021339853e+00 1.036903599522156494e+00 -1.013174869834216202e-01 -1.023690482969408369e-04 2.904717368259408013e-03
1.248733376558122472e+03 4.495460621073149099e+01 1.465011805863049021e+00 1.274796611777689881e+00 1.038028622145358293e+00 -1.024211841169648946e-01 -9.670154808875544648e-05 3.047862086476496677e-03
1.259157123050454402e+03 4.391990300823893278e+01 1.464069698368583694e+00 1.306188979361117219e+00 1.039175974486831855e+00 -1.035157111453559875e-01 -9.068797501149585124e-05 3.194766926890218149e-03
1.269580869542786331e+03 4.288519980574640300e+01 1.463127590874118589e+00 1.337581346944543670e+00 1.040323326828305417e+00 -1.046102381737470527e-01 -8.467440193423637798e-05 3.341671767303935718e-03
1.280034498369254152e+03 4.182508139787711343e+01 1.462373826900254636e+00 1.372984406914695255e+00 1.041653199194447321e+00 -1.055847996713611264e-01 -7.497235648273390253e-05 3.521798001139725930e-03
1.290491190237101591e+03 4.076235784459362321e+01 1.461639368780965453e+00 1.408798576562072524e+00 1.043001780486927821e+00 -1.065470642920570837e-01 -6.489223000655602543e-05 3.705329541344047541e-03
1.300961648566382337e+03 3.968965438547969171e+01 1.461052567780241285e+00 1.446950499943632229e+00 1.044460066108000351e+00 -1.074125150907519477e-01 -5.213197581451281797e-05 3.909340846431927016e-03
1.311446034722483319e+03 3.860685403975799090e+01 1.460615154680395378e+00 1.487467579346886781e+00 1.046029341971365323e+00 -1.081800172515125363e-01 -3.666017843748815158e-05 4.134071972657925136e-03
1.321941687772297428e+03 3.752025685370620778e+01 1.460288904525139708e+00 1.529453082513754003e+00 1.047664844106136917e+00 -1.088700291145228566e-01 -1.916408023977024351e-05 4.372218686157952269e-03
1.332466384337504905e+03 3.642387226809444201e+01 1.460249207414097139e+00 1.575223851546036835e+00 1.049471062658581699e+00 -1.093602884359007460e-01 3.550209727776999986e-06 4.644947763299358580e-03
1.343001043786354103e+03 3.532583974643557667e+01 1.460345059948255253e+00 1.622502108489638273e+00 1.051342907304778418e+00 -1.097536627158972322e-01 2.870299016644470034e-05 4.931873409719413591e-03
1.353563443795263083e+03 3.422321872705538937e+01 1.460818335647125821e+00 1.673977800678547956e+00 1.053397480632815908e+00 -1.098772711925433965e-01 6.064548067309124104e-05 5.258327850901455339e-03
1.364142432065217463e+03 3.312148242579431212e+01 1.461589734009197450e+00 1.728264587165551758e+00 1.055573513273411201e+00 -1.097864925271739150e-01 9.779191075982434115e-05 5.611712730978260164e-03
1.374740258152173965e+03 3.202075082044313348e+01 1.462699683841973242e+00 1.785743684155518762e+00 1.057887476484113520e+00 -1.094522533967391270e-01 1.408479935357443867e-04 5.995680122282610880e-03
1.385374805946561992e+03 3.092707640486601761e+01 1.464465387050240874e+00 1.848778835679371957e+00 1.060419422158109581e+00 -1.086340281823109793e-01 1.952645138189579277e-04 6.432717604767731676e-03
1.396023993550462819e+03 2.984199745011335025e+01 1.466696815185592584e+00 1.915395321616424784e+00 1.063085261460648079e+00 -1.074683160223364464e-01 2.575077959716580780e-04 6.903501791903910757e-03
1.406690625062264189e+03 2.876923936639862944e+01 1.469519834682985859e+00 1.986393635408809866e+00 1.065909682288479265e+00 -1.058593310125951620e-01 3.295527784900024884e-04 7.415169114352809440e-03
1.417407198036006548e+03 2.771739278559736874e+01 1.473242883142389603e+00 2.063612734533552651e+00 1.068932524386252192e+00 -1.035699977741407207e-01 4.159462887725050859e-04 7.982635135842887364e-03
1.428151716880536014e+03 2.669532310211164727e+01 1.477991953625054311e+00 2.147269124137640706e+00 1.072147196092973820e+00 -1.004979938478331170e-01 5.174152693245259163e-04 8.603667508291230892e-03
1.438919464945573964e+03 2.570586425851463730e+01 1.483743123582979440e+00 2.236838851978506071e+00 1.075501557376022488e+00 -9.664839961857873973e-02 6.322708231683651665e-04 9.268942674144783900e-03
1.449728374623658965e+03 2.475830463499258016e+01 1.490688949165270172e+00 2.333179387702600138e+00 1.078984441833137353e+00 -9.185903582280498247e-02 7.612580954046425279e-04 9.978160870538673941e-03
1.460573258937494074e+03 2.386557838079121652e+01 1.499047017815027472e+00 2.437077305360497714e+00 1.082546415008860841e+00 -8.594484536902557981e-02 9.035171152047327464e-04 1.072512777785180303e-02
1.471455949702471571e+03 2.303752381965859541e+01 1.508870982930113458e+00 2.548572059679452106e+00 1.086110535551405132e+00 -7.882410963384435532e-02 1.054785456500023037e-03 1.149401425530991415e-02
1.482369329011123227e+03 2.228563404444154372e+01 1.520176998986193073e+00 2.667521903829018992e+00 1.089594693711148032e+00 -7.043937866422760041e-02 1.208688702831808241e-03 1.226386133461774414e-02
1.493313561253561147e+03 2.162209625913539313e+01 1.532984772699120590e+00 2.793995336306205335e+00 1.092890855939551598e+00 -6.072612606218263931e-02 1.356619090796481108e-03 1.300914662455096744e-02
1.504297520893980618e+03 2.106402888461899536e+01 1.547228419786617737e+00 2.927816017321958952e+00 1.095843363551651795e+00 -4.965282905075953102e-02 1.485973048823653045e-03 1.369333726315941600e-02
1.515306925433986635e+03 2.062695364739607484e+01 1.562661233954451667e+00 3.068332321452463596e+00 1.098288845867176455e+00 -3.730429692084699655e-02 1.581336001401498085e-03 1.427289798630355933e-02
1.526334159069915586e+03 2.032079024558050406e+01 1.578810302277432909e+00 3.213788604300048313e+00 1.100066198948877361e+00 -2.395914641917495924e-02 1.629056976078993709e-03 1.470653391559165711e-02
1.537373611259872860e+03 2.014778946860691633e+01 1.595165227463762214e+00 3.362759205588087053e+00 1.101100062562731186e+00 -9.935467575800483592e-03 1.621588113471202465e-03 1.496752068045836825e-02
1.548427944963938899e+03 2.012345716105840410e+01 1.611115586763133489e+00 3.513371205605989367e+00 1.101244229517894135e+00 4.393117552726881828e-03 1.551480400427728782e-03 1.501942628830796496e-02
1.559473643416198229e+03 2.024438136399682975e+01 1.626039052511809135e+00 3.663394320587525232e+00 1.100520229976209352e+00 1.856476319346271955e-02 1.425658329827949027e-03 1.486260772678688405e-02
1.570510456931493536e+03 2.050373035726151372e+01 1.639487628075926517e+00 3.810881362156416152e+00 1.098999757912689113e+00 3.217917805709990392e-02 1.257325730359475265e-03 1.451469628784690311e-02
1.581523073091690094e+03 2.089080757656788023e+01 1.651151289501201491e+00 3.954117686879895732e+00 1.096813291241289567e+00 4.492201760602181071e-02 1.062719655286912569e-03 1.400734580423207941e-02
1.592517533153823024e+03 2.140021088081695311e+01 1.660796732340593884e+00 4.091594994684524700e+00 1.094058878861479567e+00 5.652129521684810115e-02 8.572910104524752994e-04 1.337144173773366883e-02
1.603483681538679093e+03 2.201950407171612767e+01 1.668400555915891426e+00 4.222286920323071513e+00 1.090891523351583681e+00 6.683006066375105081e-02 6.558094145381664162e-04 1.264862679426183474e-02
1.614412045007647066e+03 2.273650168232467550e+01 1.674015855363775396e+00 4.345319512781299132e+00 1.087473452042822641e+00 7.576450356128479335e-02 4.695757244920231396e-04 1.187828704391521821e-02
1.625306743351106434e+03 2.353426925320825092e+01 1.677922236528577526e+00 4.460787155374144497e+00 1.083926337311806209e+00 8.340783982390721774e-02 3.041763494609282630e-04 1.109450847019350338e-02
1.636162371858083816e+03 2.440323587077200074e+01 1.680264340654415101e+00 4.568275899217323577e+00 1.080348741026790238e+00 8.977365021032314429e-02 1.634448298796659115e-04 1.032328784780883746e-02
1.646977688584213865e+03 2.533079644274821618e+01 1.681296623303656368e+00 4.668042705040661211e+00 1.076831193374867768e+00 9.498128471944267126e-02 4.734221479317792208e-05 9.583730049203089893e-03
1.657765382760954253e+03 2.630625289095948105e+01 1.681276171967518218e+00 4.760597715504339966e+00 1.073422911130486934e+00 9.917165068613924273e-02 -4.620262043549769212e-05 8.887039326809214462e-03
1.668521690161001743e+03 2.731985454025044646e+01 1.680404898032200389e+00 4.846311111270124705e+00 1.070155947763864024e+00 1.024658807155634926e-01 -1.197045125008943073e-04 8.240356976744188031e-03
1.679238311294991945e+03 2.836161436881643638e+01 1.678888575026048047e+00 4.925739616584498215e+00 1.067071569385083185e+00 1.050042102801041488e-01 -1.764992476252968869e-04 7.645504579934929087e-03
1.689928766407149624e+03 2.942620765063874444e+01 1.676866148500466114e+00 4.999348184631832837e+00 1.064161522753440448e+00 1.068863033773781446e-01 -2.192329026289819248e-04 7.102479798508688942e-03
1.700593278772063286e+03 3.050596849669978994e+01 1.674497803531150408e+00 5.068075778738538872e+00 1.061416400484909595e+00 1.082595801106602529e-01 -2.514685947410914162e-04 6.604908361445387122e-03
1.711231584049707180e+03 3.159671466967554210e+01 1.671864508624310020e+00 5.132280860609496287e+00 1.058838646370402703e+00 1.091934492686160302e-01 -2.749805988544774273e-04 6.150498812784916530e-03
1.721849427693926827e+03 3.269546036258026334e+01 1.669026000030358281e+00 5.192238662460344045e+00 1.056425155106026637e+00 1.097421769994788576e-01 -2.911980458158562623e-04 5.737344020461546644e-03
1.732431458463133367e+03 3.379760250910885588e+01 1.666039508944369807e+00 5.247373831649462694e+00 1.054204501592491461e+00 1.099019563472877770e-01 -3.006263325591016942e-04 5.371170202413406980e-03
1.742993496891334871e+03 3.489958268873621705e+01 1.662988319774712176e+00 5.299118877690605522e+00 1.052129414608085067e+00 1.098161228573497350e-01 -3.061074163634976229e-04 5.037921151468415827e-03
1.753543584857658971e+03 3.600126549723967884e+01 1.659900202762866650e+00 5.348769458620601824e+00 1.050145035235454216e+00 1.095806979672831749e-01 -3.092137333045004779e-04 4.725005659806139416e-03
1.764063348284622180e+03 3.709726169362463111e+01 1.656798658534730295e+00 5.394242430084253748e+00 1.048342024747860091e+00 1.090863875534867078e-01 -3.086775941529160345e-04 4.451927792164044918e-03
1.774572133720954525e+03 3.818910640199587192e+01 1.653710210998054819e+00 5.437801376277088039e+00 1.046625865337759365e+00 1.084862913697380443e-01 -3.067887852034802024e-04 4.196743194458904015e-03
1.785067891685443783e+03 3.927466765432303930e+01 1.650648948258412352e+00 5.478828544463278938e+00 1.045026511743170516e+00 1.077528378072195869e-01 -3.032727062853763137e-04 3.965043089917824615e-03
1.795548252032770051e+03 4.035050162437484289e+01 1.647637752201527972e+00 5.517236172194778021e+00 1.043545413457703130e+00 1.069017870270933535e-01 -2.985606405878923160e-04 3.756907084287070247e-03
1.806020346018259261e+03 4.142115966977012675e+01 1.644654102202536938e+00 5.554401302298955123e+00 1.042120510530597510e+00 1.059982817138208078e-01 -2.933424350417305430e-04 3.559819568772781568e-03
1.816469591250112899e+03 4.247771455241194616e+01 1.641749525384916808e+00 5.588852475880563553e+00 1.040818874446352682e+00 1.049967450601102664e-01 -2.873229707613967894e-04 3.386225908222602679e-03
1.826904075194275947e+03 4.352291520853592743e+01 1.638913739237842115e+00 5.621634913679923962e+00 1.039596161627472481e+00 1.039484956951368388e-01 -2.810668652015086452e-04 3.226430618517708588e-03
1.837321444103051817e+03 4.455495116028490088e+01 1.636157712715085921e+00 5.652482528951419560e+00 1.038464956711415921e+00 1.028460850860343917e-01 -2.745363849421770131e-04 3.082633906324803823e-03
1.847738813011827460e+03 4.558698711203385301e+01 1.633401686192329949e+00 5.683330144222913383e+00 1.037333751795359360e+00 1.017436744769319862e-01 -2.680059046828455437e-04 2.938837194131902527e-03
1.858142215719063643e+03 4.660258893015479487e+01 1.630742180621451265e+00 5.712289267811309301e+00 1.036290077681418786e+00 1.006053647157190423e-01 -2.614617734599827977e-04 2.809857445360502623e-03
1.868533997849976458e+03 4.760451672935256795e+01 1.628162985297058940e+00 5.739677072120246137e+00 1.035319233560928476e+00 9.943718506927851086e-02 -2.549062839545437995e-04 2.693206149234988588e-03
1.878921704558976671e+03 4.860204238275959909e+01 1.625607693624218086e+00 5.766672277298287241e+00 1.034366471192139203e+00 9.826516344742376730e-02 -2.483938285212630628e-04 2.579433983642167184e-03
1.889285546687292481e+03 4.957379024783597288e+01 1.623192375341473870e+00 5.791368526972320296e+00 1.033519590725076487e+00 9.707064424513706102e-02 -2.421333691044332773e-04 2.482521236382186081e-03
1.899649388815608290e+03 5.054553811291235377e+01 1.620777057058729653e+00 5.816064776646354240e+00 1.032672710258013549e+00 9.587612504285035475e-02 -2.358729096876034919e-04 2.385608489122204544e-03
1.910006808108030782e+03 5.150116063247227061e+01 1.618442011525559776e+00 5.839561018377820822e+00 1.031882311706184163e+00 9.467877069296710968e-02 -2.298403713982625216e-04 2.297031759224747900e-03
1.920358122029326523e+03 5.244145484214372033e+01 1.616183271060074755e+00 5.861916565567670823e+00 1.031145603309328918e+00 9.347872132976486892e-02 -2.240244886632917652e-04 2.216379018133496099e-03
1.930709435950622264e+03 5.338174905181517715e+01 1.613924530594589735e+00 5.884272112757521711e+00 1.030408894912473672e+00 9.227867196656262816e-02 -2.182086059283210088e-04 2.135726277042244298e-03
1.941038444724674491e+03 5.429344879105214972e+01 1.611798424621232906e+00 5.904883656633222344e+00 1.029749745234570524e+00 9.108817248387154897e-02 -2.128298529890161627e-04 2.066362577443937691e-03
1.951363160992013718e+03 5.519964567684633749e+01 1.609697843449019450e+00 5.925159576365663483e+00 1.029105521318785632e+00 8.989951082478934985e-02 -2.075352233492332166e-04 1.999171393716759389e-03
1.961687877259352945e+03 5.610584256264051817e+01 1.607597262276805994e+00 5.945435496098105510e+00 1.028461297403000962e+00 8.871084916570715073e-02 -2.022405937094502975e-04 1.931980209989580654e-03
1.972001510622232672e+03 5.697930641851827716e+01 1.605636806176937492e+00 5.964000157393521739e+00 1.027893121265172072e+00 8.754239164737157020e-02 -1.974552729381447950e-04 1.875277087038093593e-03
1.982314185140796781e+03 5.784993835612142732e+01 1.603688473084139199e+00 5.982416768109667160e+00 1.027331524447763211e+00 8.637568210273559310e-02 -1.927140153377632573e-04 1.819481345134185950e-03
1.992626859659361116e+03 5.872057029372457748e+01 1.601740139991340683e+00 6.000833378825813469e+00 1.026769927630354351e+00 8.520897255809961601e-02 -1.879727577373817196e-04 1.763685603230278308e-03
2.002922854582516948e+03 5.956372205781926965e+01 1.599897169046189394e+00 6.018040549238659054e+00 1.026264375925088679e+00 8.406497724526780513e-02 -1.836291529108937857e-04 1.714781465855283460e-03
2.013212774889710772e+03 6.039686569542455885e+01 1.598092570409732405e+00 6.034807248213684971e+00 1.025779235538232914e+00 8.292925432944017738e-02 -1.794303710149733637e-04 1.668387212554319973e-03
2.023502695196904369e+03 6.123000933302982673e+01 1.596287971773275638e+00 6.051573947188709113e+00 1.025294095151377149e+00 8.179353141361256352e-02 -1.752315891190530230e-04 1.621992959253357571e-03
2.033786978668011670e+03 6.204434687468009457e+01 1.594551235917910370e+00 6.067628469822182069e+00 1.024840009100821847e+00 8.067531169732675145e-02 -1.712840995229816614e-04 1.579430232967891446e-03
2.044065553980834920e+03 6.283964036914211704e+01 1.592883221503110125e+00 6.082961805033909819e+00 1.024417370313287945e+00 7.957481664642696018e-02 -1.675910817975109052e-04 1.540747513540876787e-03
2.054344129293657716e+03 6.363493386360413240e+01 1.591215207088309880e+00 6.098295140245637569e+00 1.023994731525754265e+00 7.847432159552718278e-02 -1.638980640720402303e-04 1.502064794113862995e-03
2.064622704606480966e+03 6.443022735806616197e+01 1.589547192673509857e+00 6.113628475457365319e+00 1.023572092738220363e+00 7.737382654462737763e-02 -1.602050463465694470e-04 1.463382074686848337e-03
2.074885186441604674e+03 6.518715876785675789e+01 1.587997456348277270e+00 6.127709507641721842e+00 1.023202585145853272e+00 7.631137216594917339e-02 -1.569681113932833291e-04 1.430964844473914688e-03
2.085146780616020351e+03 6.594197425740374285e+01 1.586454243834413136e+00 6.141721467111457500e+00 1.022836008086912107e+00 7.525101597951271148e-02 -1.537563323922528649e-04 1.398893197030469642e-03
2.095408374790436028e+03 6.669678974695075624e+01 1.584911031320549002e+00 6.155733426581194934e+00 1.022469431027970943e+00 7.419065979307622183e-02 -1.505445533912222922e-04 1.366821549587023728e-03
2.105669317474276340e+03 6.744960717336587663e+01 1.583373673178406271e+00 6.169689555259234126e+00 1.022105188098954454e+00 7.313231350055998670e-02 -1.473536572523402772e-04 1.335012770618546193e-03
2.115916982973336417e+03 6.816170466550916274e+01 1.581955625396327614e+00 6.182507868954377983e+00 1.021788514045813612e+00 7.211492825027494835e-02 -1.445883476530028403e-04 1.308561173238558667e-03
2.126164648472396948e+03 6.887380215765246305e+01 1.580537577614248956e+00 6.195326182649521840e+00 1.021471839992672992e+00 7.109754299998989613e-02 -1.418230380536653491e-04 1.282109575858570490e-03
2.136412313971457479e+03 6.958589964979576337e+01 1.579119529832170521e+00 6.208144496344665697e+00 1.021155165939532150e+00 7.008015774970485778e-02 -1.390577284543279121e-04 1.255657978478582964e-03
2.146659979470518010e+03 7.029799714193907789e+01 1.577701482050091863e+00 6.220962810039809554e+00 1.020838491886391530e+00 6.906277249941977781e-02 -1.362924188549903396e-04 1.229206381098594137e-03
2.156898592706165800e+03 7.097773393534514241e+01 1.576366722951782595e+00 6.232998133829810605e+00 1.020556086657838923e+00 6.807741056938897140e-02 -1.338212029848368163e-04 1.206205598610129038e-03
2.167134222808184859e+03 7.164680640268723266e+01 1.575059411273208365e+00 6.244775426737319890e+00 1.020284974569839243e+00 6.710260178382562724e-02 -1.314469044107792201e-04 1.184342017005007982e-03
2.177369852910204827e+03 7.231587887002935133e+01 1.573752099594633913e+00 6.256552719644828287e+00 1.020013862481839562e+00 6.612779299826224144e-02 -1.290726058367215156e-04 1.162478435399885842e-03
2.187605483012223885e+03 7.298495133737142737e+01 1.572444787916059461e+00 6.268330012552336683e+00 1.019742750393840103e+00 6.515298421269889728e-02 -1.266983072626639195e-04 1.140614853794764787e-03
2.197837317629030167e+03 7.363723928231928539e+01 1.571176154375104828e+00 6.279755516702006268e+00 1.019486673971228052e+00 6.419424218308655838e-02 -1.244551740430143078e-04 1.120205133288095607e-03
2.208063451737755258e+03 7.426431824865836973e+01 1.569965612230556085e+00 6.290652662935799277e+00 1.019253179887167127e+00 6.325963110564357395e-02 -1.224090404481272421e-04 1.101978993134215693e-03
2.218289585846480350e+03 7.489139721499742564e+01 1.568755070086007342e+00 6.301549809169592287e+00 1.019019685803106201e+00 6.232502002820063808e-02 -1.203629068532402713e-04 1.083752852980336646e-03
2.228515719955205441e+03 7.551847618133648155e+01 1.567544527941458821e+00 6.312446955403386184e+00 1.018786191719045497e+00 6.139040895075770221e-02 -1.183167732583533004e-04 1.065526712826457599e-03
2.238741854063930532e+03 7.614555514767556588e+01 1.566333985796909856e+00 6.323344101637179193e+00 1.018552697634984572e+00 6.045579787331471777e-02 -1.162706396634662483e-04 1.047300572672577685e-03
2.248953068733175769e+03 7.672041417081327097e+01 1.565229417799167910e+00 6.333314266710172724e+00 1.018355105081980572e+00 5.956820784860103468e-02 -1.145666187813035406e-04 1.032675516573945771e-03
2.259164109018447107e+03 7.729466282777666208e+01 1.564126088466782472e+00 6.343273596881591203e+00 1.018157932159463153e+00 5.868116742349063081e-02 -1.128665966401361546e-04 1.018092551288966039e-03
2.269375149303718899e+03 7.786891148474008162e+01 1.563022759134396811e+00 6.353232927053010570e+00 1.017960759236945512e+00 5.779412699838019224e-02 -1.111665744989686738e-04 1.003509586003985439e-03
2.279586189588990237e+03 7.844316014170345852e+01 1.561919429802011372e+00 6.363192257224429937e+00 1.017763586314427871e+00 5.690708657326978837e-02 -1.094665523578012742e-04 9.889266207190054898e-04
2.289797229874261575e+03 7.901740879866684963e+01 1.560816100469625711e+00 6.373151587395848416e+00 1.017566413391910229e+00 5.602004614815939143e-02 -1.077665302166338883e-04 9.743436554340255407e-04
2.300008270159532913e+03 7.959165745563026917e+01 1.559712771137240273e+00 6.383110917567268672e+00 1.017369240469392810e+00 5.513300572304895286e-02 -1.060665080754664074e-04 9.597606901490449410e-04
2.310219310444804250e+03 8.016590611259366028e+01 1.558609441804854834e+00 6.393070247738687151e+00 1.017172067546875169e+00 5.424596529793854899e-02 -1.043664859342990079e-04 9.451777248640649918e-04
2.320420911245030311e+03 8.068765902599859885e+01 1.557600026787404612e+00 6.402248078027386491e+00 1.017007521328958219e+00 5.340205409541239762e-02 -1.029485886808228969e-04 9.334344361645739892e-04
2.330620678663830404e+03 8.119921596782627660e+01 1.556608852252341579e+00 6.411274121712987828e+00 1.016849312023907048e+00 5.256651965446365593e-02 -1.015854870572618289e-04 9.222426828809417729e-04
2.340820446082629587e+03 8.171077290965392592e+01 1.555617677717278546e+00 6.420300165398588277e+00 1.016691102718856099e+00 5.173098521351494894e-02 -1.002223854337008286e-04 9.110509295973099903e-04
2.351020213501428771e+03 8.222232985148157525e+01 1.554626503182215513e+00 6.429326209084188726e+00 1.016532893413805150e+00 5.089545077256624889e-02 -9.885928381013982832e-05 8.998591763136782077e-04
2.361219980920228409e+03 8.273388679330923878e+01 1.553635328647152702e+00 6.438352252769789175e+00 1.016374684108754201e+00 5.005991633161750720e-02 -9.749618218657877383e-05 8.886674230300459915e-04
2.371419748339027592e+03 8.324544373513688811e+01 1.552644154112089669e+00 6.447378296455390512e+00 1.016216474803703251e+00 4.922438189066880021e-02 -9.613308056301777356e-05 8.774756697464142089e-04
2.381619515757826775e+03 8.375700067696453743e+01 1.551652979577026636e+00 6.456404340140990961e+00 1.016058265498652302e+00 4.838884744972009322e-02 -9.476997893945677328e-05 8.662839164627825347e-04
2.391814077622801960e+03 8.424045675299311142e+01 1.550703499139034269e+00 6.465091896667890303e+00 1.015914048725182539e+00 4.757374696276853165e-02 -9.352649524020837887e-05 8.562526904871906996e-04
2.402002070345664379e+03 8.468845097671437827e+01 1.549806634514482306e+00 6.473352299749924654e+00 1.015787489809370614e+00 4.678443307840363802e-02 -9.243396323033517548e-05 8.476859904906387669e-04
2.412190063068526342e+03 8.513644520043565933e+01 1.548909769889930121e+00 6.481612702831958117e+00 1.015660930893558689e+00 4.599511919403874438e-02 -9.134143122046197208e-05 8.391192904940867258e-04
2.422378055791389215e+03 8.558443942415695460e+01 1.548012905265378159e+00 6.489873105913992468e+00 1.015534371977746764e+00 4.520580530967381605e-02 -9.024889921058871448e-05 8.305525904975344679e-04
2.432566048514251179e+03 8.603243364787822145e+01 1.547116040640826196e+00 6.498133508996026819e+00 1.015407813061934839e+00 4.441649142530892935e-02 -8.915636720071551109e-05 8.219858905009824268e-04
2.442754041237113597e+03 8.648042787159948830e+01 1.546219176016274233e+00 6.506393912078061170e+00 1.015281254146122913e+00 4.362717754094403572e-02 -8.806383519084230770e-05 8.134191905044304942e-04
2.452942033959976470e+03 8.692842209532078357e+01 1.545322311391722048e+00 6.514654315160095521e+00 1.015154695230310988e+00 4.283786365657910739e-02 -8.697130318096906365e-05 8.048524905078781278e-04
2.463130026682838434e+03 8.737641631904205042e+01 1.544425446767170085e+00 6.522914718242129872e+00 1.015028136314499063e+00 4.204854977221421375e-02 -8.587877117109584671e-05 7.962857905113261952e-04
2.473315967718482170e+03 8.781008381105061744e+01 1.543547014626548863e+00 6.531035150513690546e+00 1.014907599135698613e+00 4.126823712230370117e-02 -8.483464782260184494e-05 7.881788201334667286e-04
2.483494824778246766e+03 8.819428459050831748e+01 1.542732225360135656e+00 6.538672297693714164e+00 1.014807853547037286e+00 4.051900354096836521e-02 -8.395766778253534624e-05 7.816591840726722301e-04
2.493673681838011362e+03 8.857848536996600330e+01 1.541917436093722449e+00 6.546309444873737782e+00 1.014708107958376182e+00 3.976976995963306394e-02 -8.308068774246888820e-05 7.751395480118779486e-04
2.503852538897775503e+03 8.896268614942370334e+01 1.541102646827309242e+00 6.553946592053761400e+00 1.014608362369714856e+00 3.902053637829775573e-02 -8.220370770240241660e-05 7.686199119510837754e-04
2.514031395957540099e+03 8.934688692888140338e+01 1.540287857560895812e+00 6.561583739233785906e+00 1.014508616781053751e+00 3.827130279696241977e-02 -8.132672766233591791e-05 7.621002758902892769e-04
2.524210253017304240e+03 8.973108770833910341e+01 1.539473068294482605e+00 6.569220886413809524e+00 1.014408871192392425e+00 3.752206921562711850e-02 -8.044974762226944631e-05 7.555806398294949953e-04
2.534389110077068381e+03 9.011528848779678924e+01 1.538658279028069398e+00 6.576858033593833142e+00 1.014309125603731321e+00 3.677283563429181029e-02 -7.957276758220298827e-05 7.490610037687008222e-04
2.544567967136833431e+03 9.049948926725448928e+01 1.537843489761656190e+00 6.584495180773857648e+00 1.014209380015069994e+00 3.602360205295647433e-02 -7.869578754213647602e-05 7.425413677079062153e-04
2.554746824196597572e+03 9.088369004671218931e+01 1.537028700495242983e+00 6.592132327953881266e+00 1.014109634426408890e+00 3.527436847162116612e-02 -7.781880750207001798e-05 7.360217316471120421e-04
2.564918672352965132e+03 9.120999150227092400e+01 1.536274913867945457e+00 6.599322796975690686e+00 1.014029925269918309e+00 3.455553594079568969e-02 -7.709660748018221435e-05 7.309653496916988617e-04
2.575089771137531898e+03 9.153010252857231421e+01 1.535527649467446798e+00 6.606465508452973090e+00 1.013952358351153160e+00 3.383995380289115534e-02 -7.639095609286325158e-05 7.260654146585452610e-04
2.585260869922098209e+03 9.185021355487367600e+01 1.534780385066947916e+00 6.613608219930254606e+00 1.013874791432387790e+00 3.312437166498665569e-02 -7.568530470554432946e-05 7.211654796253917686e-04
2.595431968706664520e+03 9.217032458117505200e+01 1.534033120666449257e+00 6.620750931407537010e+00 1.013797224513622641e+00 3.240878952708214911e-02 -7.497965331822539379e-05 7.162655445922383847e-04
2.605603067491231286e+03 9.249043560747642800e+01 1.533285856265950375e+00 6.627893642884819414e+00 1.013719657594857493e+00 3.169320738917761476e-02 -7.427400193090643102e-05 7.113656095590847840e-04
2.615774166275797143e+03 9.281054663377780400e+01 1.532538591865451716e+00 6.635036354362100930e+00 1.013642090676092122e+00 3.097762525127311511e-02 -7.356835054358750890e-05 7.064656745259314001e-04
2.625945265060363454e+03 9.313065766007918000e+01 1.531791327464953056e+00 6.642179065839383334e+00 1.013564523757326974e+00 3.026204311336861547e-02 -7.286269915626858678e-05 7.015657394927780162e-04
2.636116363844930220e+03 9.345076868638055601e+01 1.531044063064454175e+00 6.649321777316664850e+00 1.013486956838561825e+00 2.954646097546408112e-02 -7.215704776894962401e-05 6.966658044596244154e-04
2.646287462629496531e+03 9.377087971268193201e+01 1.530296798663955515e+00 6.656464488793947254e+00 1.013409389919796455e+00 2.883087883755958147e-02 -7.145139638163070189e-05 6.917658694264710315e-04
2.656454068802716847e+03 9.404238805145543267e+01 1.529594389868634607e+00 6.663314635152202570e+00 1.013346290506917269e+00 2.813606609461175370e-02 -7.084891338594857780e-05 6.878559420286259156e-04
2.666619177625177144e+03 9.429769751043508563e+01 1.528906931081087439e+00 6.670067271939774223e+00 1.013288012995885001e+00 2.744817562179764983e-02 -7.028081557470078984e-05 6.842759761101775261e-04
2.676784286447636532e+03 9.455300696941473859e+01 1.528219472293540271e+00 6.676819908727344988e+00 1.013229735484852734e+00 2.676028514898357719e-02 -6.971271776345301543e-05 6.806960101917294620e-04
2.686949395270096375e+03 9.480831642839437734e+01 1.527532013505993103e+00 6.683572545514915753e+00 1.013171457973820466e+00 2.607239467616950801e-02 -6.914461995220525458e-05 6.771160442732812893e-04
2.697114504092556217e+03 9.506362588737403030e+01 1.526844554718445934e+00 6.690325182302486517e+00 1.013113180462788199e+00 2.538450420335540414e-02 -6.857652214095745307e-05 6.735360783548330083e-04
2.707279612915016060e+03 9.531893534635368326e+01 1.526157095930898766e+00 6.697077819090057282e+00 1.013054902951755931e+00 2.469661373054133149e-02 -6.800842432970969221e-05 6.699561124363848357e-04
2.717444721737475447e+03 9.557424480533332201e+01 1.525469637143351598e+00 6.703830455877628935e+00 1.012996625440723664e+00 2.400872325772725885e-02 -6.744032651846191780e-05 6.663761465179367715e-04
2.727609830559935745e+03 9.582955426431297496e+01 1.524782178355804430e+00 6.710583092665199700e+00 1.012938347929691396e+00 2.332083278491315498e-02 -6.687222870721412984e-05 6.627961805994883821e-04
2.737774939382395132e+03 9.608486372329262792e+01 1.524094719568257261e+00 6.717335729452770465e+00 1.012880070418659129e+00 2.263294231209908580e-02 -6.630413089596636899e-05 6.592162146810403179e-04
2.747937679093550287e+03 9.630824700722945408e+01 1.523431307309051741e+00 6.723947356614768722e+00 1.012830022969152921e+00 2.195544705479249986e-02 -6.578964498534127579e-05 6.561729941889222735e-04
2.758097893192784795e+03 9.649759511175024329e+01 1.522793530062664047e+00 6.730408659226478463e+00 1.012788749249047715e+00 2.128903370831270250e-02 -6.533231251242304814e-05 6.537019758745278011e-04
2.768258107292018394e+03 9.668694321627101829e+01 1.522155752816276353e+00 6.736869961838187315e+00 1.012747475528942287e+00 2.062262036183293290e-02 -6.487498003950483403e-05 6.512309575601334371e-04
2.778418321391251993e+03 9.687629132079180749e+01 1.521517975569888659e+00 6.743331264449896167e+00 1.012706201808837081e+00 1.995620701535316677e-02 -6.441764756658663348e-05 6.487599392457391815e-04
2.788578535490486047e+03 9.706563942531258249e+01 1.520880198323500743e+00 6.749792567061605908e+00 1.012664928088731875e+00 1.928979366887336594e-02 -6.396031509366840583e-05 6.462889209313447091e-04
2.798738749589719646e+03 9.725498752983337170e+01 1.520242421077113049e+00 6.756253869673315648e+00 1.012623654368626669e+00 1.862338032239359981e-02 -6.350298262075019173e-05 6.438179026169503450e-04
2.808898963688953245e+03 9.744433563435414669e+01 1.519604643830725355e+00 6.762715172285024501e+00 1.012582380648521463e+00 1.795696697591383020e-02 -6.304565014783197763e-05 6.413468843025559810e-04
2.819059177788187299e+03 9.763368373887493590e+01 1.518966866584337660e+00 6.769176474896734241e+00 1.012541106928416257e+00 1.729055362943403285e-02 -6.258831767491374997e-05 6.388758659881616170e-04
2.829219391887420898e+03 9.782303184339571089e+01 1.518329089337949966e+00 6.775637777508443094e+00 1.012499833208311051e+00 1.662414028295426671e-02 -6.213098520199554942e-05 6.364048476737672530e-04
2.839379605986654951e+03 9.801237994791650010e+01 1.517691312091562050e+00 6.782099080120152834e+00 1.012458559488205845e+00 1.595772693647449711e-02 -6.167365272907733532e-05 6.339338293593728890e-04
2.849538756953769735e+03 9.818000860349127379e+01 1.517066943218875918e+00 6.788495812392096873e+00 1.012422292346057962e+00 1.529618613274503353e-02 -6.124502335507384337e-05 6.317746162478419126e-04
2.859695519848253298e+03 9.829884969950899176e+01 1.516472693058324106e+00 6.794747502802954919e+00 1.012397271286666234e+00 1.464559033366176835e-02 -6.088086864390623463e-05 6.303157991243820086e-04
2.869852282742736861e+03 9.841769079552670973e+01 1.515878442897772294e+00 6.800999193213812077e+00 1.012372250227274506e+00 1.399499453457850318e-02 -6.051671393273862589e-05 6.288569820009222129e-04
2.880009045637221334e+03 9.853653189154442771e+01 1.515284192737220481e+00 6.807250883624670124e+00 1.012347229167883000e+00 1.334439873549521025e-02 -6.015255922157100360e-05 6.273981648774623089e-04
2.890165808531704897e+03 9.865537298756214568e+01 1.514689942576668669e+00 6.813502574035528170e+00 1.012322208108491273e+00 1.269380293641194507e-02 -5.978840451040339486e-05 6.259393477540025133e-04
2.900322571426188460e+03 9.877421408357986365e+01 1.514095692416116856e+00 6.819754264446385328e+00 1.012297187049099767e+00 1.204320713732867990e-02 -5.942424979923578612e-05 6.244805306305426093e-04
2.910479334320672478e+03 9.889305517959759584e+01 1.513501442255565044e+00 6.826005954857243374e+00 1.012272165989708039e+00 1.139261133824538350e-02 -5.906009508806816383e-05 6.230217135070827052e-04
2.920636097215156042e+03 9.901189627561531381e+01 1.512907192095013231e+00 6.832257645268100532e+00 1.012247144930316312e+00 1.074201553916212006e-02 -5.869594037690055509e-05 6.215628963836229096e-04
2.930792860109640060e+03 9.913073737163303178e+01 1.512312941934461419e+00 6.838509335678958578e+00 1.012222123870924806e+00 1.009141974007885488e-02 -5.833178566573294635e-05 6.201040792601631140e-04
2.940949623004124078e+03 9.924957846765074976e+01 1.511718691773909606e+00 6.844761026089816625e+00 1.012197102811533078e+00 9.440823940995560215e-03 -5.796763095456531728e-05 6.186452621367032100e-04
2.951106385898607641e+03 9.936841956366846773e+01 1.511124441613357794e+00 6.851012716500673783e+00 1.012172081752141573e+00 8.790228141912295040e-03 -5.760347624339771531e-05 6.171864450132433060e-04
2.961262944405524649e+03 9.947831114726336921e+01 1.510534587532397222e+00 6.857251346222065003e+00 1.012148952638801225e+00 8.140665827877674454e-03 -5.724845209326616207e-05 6.158424996240531926e-04
2.971417967436491381e+03 9.952096889026917381e+01 1.509977759308095635e+00 6.863391856596604335e+00 1.012140036903040885e+00 7.498867642851281962e-03 -5.696202192414544972e-05 6.153615362058573093e-04
2.981572990467457657e+03 9.956362663327497842e+01 1.509420931083794049e+00 6.869532366971143666e+00 1.012131121167280545e+00 6.857069457824918092e-03 -5.667559175502475771e-05 6.148805727876615343e-04
2.991728013498423934e+03 9.960628437628078302e+01 1.508864102859492462e+00 6.875672877345682998e+00 1.012122205431520428e+00 6.215271272798554222e-03 -5.638916158590405892e-05 6.143996093694656510e-04
3.001883036529390665e+03 9.964894211928660184e+01 1.508307274635191098e+00 6.881813387720222330e+00 1.012113289695760088e+00 5.573473087772161730e-03 -5.610273141678335336e-05 6.139186459512698760e-04
3.012038059560357397e+03 9.969159986229240644e+01 1.507750446410889511e+00 6.887953898094761662e+00 1.012104373959999748e+00 4.931674902745798728e-03 -5.581630124766265457e-05 6.134376825330739927e-04
3.022193082591323673e+03 9.973425760529821105e+01 1.507193618186587925e+00 6.894094408469300994e+00 1.012095458224239408e+00 4.289876717719434858e-03 -5.552987107854196255e-05 6.129567191148782178e-04
3.032348105622290404e+03 9.977691534830402986e+01 1.506636789962286338e+00 6.900234918843840326e+00 1.012086542488479290e+00 3.648078532693041498e-03 -5.524344090942125021e-05 6.124757556966823344e-04
3.042503128653256681e+03 9.981957309130983447e+01 1.506079961737984974e+00 6.906375429218379658e+00 1.012077626752718951e+00 3.006280347666677628e-03 -5.495701074030055820e-05 6.119947922784865595e-04
3.052658151684222958e+03 9.986223083431563907e+01 1.505523133513683387e+00 6.912515939592918102e+00 1.012068711016958611e+00 2.364482162640314626e-03 -5.467058057117985941e-05 6.115138288602906761e-04
3.062813174715190144e+03 9.990488857732144368e+01 1.504966305289381800e+00 6.918656449967457434e+00 1.012059795281198271e+00 1.722683977613922134e-03 -5.438415040205914707e-05 6.110328654420947928e-04
3.072968197746156420e+03 9.994754632032726249e+01 1.504409477065080214e+00 6.924796960341996765e+00 1.012050879545437931e+00 1.080885792587558264e-03 -5.409772023293845506e-05 6.105519020238990178e-04
3.083123220777122697e+03 9.999020406333306710e+01 1.503852648840778850e+00 6.930937470716536097e+00 1.012041963809677814e+00 4.390876075611943943e-04 -5.381129006381775627e-05 6.100709386057031345e-04
