2 2.02407 99.9999 1.57066 0.00121444 1.01204 -0.000127586 -6.74692e-05 0.000607223
6 6.07222 99.9988 1.57039 0.00364336 1.01204 -0.000382759 -6.74702e-05 0.000607236
14 14.1685 99.9937 1.56985 0.00850146 1.01204 -0.000893126 -6.74751e-05 0.000607298
23.0543 23.3319 99.983 1.56924 0.0140007 1.01204 -0.00147082 -6.74853e-05 0.000607429
32.2169 32.6047 99.9669 1.56862 0.0195671 1.01204 -0.00205553 -6.75008e-05 0.000607627
41.5015 42.0011 99.945 1.568 0.0252099 1.01205 -0.0026482 -6.75218e-05 0.000607894
60.0706 60.7941 99.8849 1.56674 0.0365044 1.01206 -0.00383421 -6.75796e-05 0.000608632
80.5623 81.5331 99.7929 1.56536 0.0489873 1.01208 -0.00514444 -6.76682e-05 0.000609763
103.171 104.415 99.6602 1.56382 0.0627911 1.01211 -0.00659241 -6.77961e-05 0.000611399
128.131 129.678 99.4757 1.56213 0.0780789 1.01214 -0.00819459 -6.79745e-05 0.000613686
153.389 155.243 99.2482 1.56041 0.0936143 1.01219 -0.00982081 -6.81952e-05 0.000616523
203.906 206.379 98.6695 1.55695 0.124934 1.01231 -0.0130919 -6.87607e-05 0.000623827
259.626 262.79 97.8387 1.5531 0.159979 1.01249 -0.016737 -6.95828e-05 0.000634544
320.861 324.797 96.6897 1.5488 0.199283 1.01274 -0.0208012 -7.07396e-05 0.000649825
414.56 419.713 94.4437 1.54207 0.261565 1.01325 -0.0271749 -7.30684e-05 0.000681333
505.023 511.403 91.6985 1.53533 0.324993 1.01391 -0.0335609 -7.60377e-05 0.000723051
592.363 599.992 88.488 1.52854 0.390384 1.01473 -0.0400077 -7.9683e-05 0.000776879
671.199 680.025 85.0949 1.5221 0.454032 1.01567 -0.046125 -8.37346e-05 0.000840562
744.587 754.601 81.4915 1.5158 0.518411 1.01675 -0.0521308 -8.82476e-05 0.000917142
812.904 824.103 77.7301 1.5096 0.584067 1.01799 -0.0580441 -9.31559e-05 0.00100878
872.944 885.261 74.0816 1.50387 0.647594 1.01931 -0.063541 -9.80471e-05 0.00111141
928.835 942.272 70.3806 1.49825 0.712958 1.0208 -0.0689458 -0.000103031 0.00123234
980.864 995.426 66.6565 1.49276 0.78064 1.02247 -0.0742533 -0.000107885 0.00137502
1029.3 1044.99 62.9353 1.48743 0.85116 1.02435 -0.0794494 -0.000112273 0.00154376
1074.38 1091.22 59.24 1.48229 0.925091 1.02645 -0.0845089 -0.000115691 0.00174391
1114.01 1131.94 55.8005 1.47766 0.998444 1.02866 -0.0891161 -0.000117358 0.00196718
1150.89 1169.92 52.4327 1.47334 1.07566 1.03113 -0.093502 -0.000116609 0.00222985
1186.68 1206.87 49.0104 1.46923 1.16101 1.03399 -0.0977753 -0.000111907 0.00255422
1218.26 1239.57 45.8642 1.46584 1.2472 1.03702 -0.101459 -0.000101988 0.00291872
1248.08 1270.55 42.789 1.46304 1.3405 1.04043 -0.104712 -8.41153e-05 0.00335533
1272.26 1295.75 40.2279 1.46127 1.42681 1.04368 -0.107031 -5.98228e-05 0.00379763
1294.51 1319 37.8267 1.4603 1.51666 1.04716 -0.108733 -2.55128e-05 0.00429599
1314.73 1340.21 35.6172 1.46022 1.6089 1.0508 -0.109721 2.02624e-05 0.00484561
1332.75 1359.18 33.6369 1.46107 1.70135 1.05449 -0.109943 7.76309e-05 0.00543192
1348.75 1376.08 31.8816 1.46284 1.79301 1.05818 -0.10941 0.000146291 0.00604422
1363.31 1391.52 30.296 1.46554 1.88565 1.0619 -0.108121 0.000227643 0.00668957
1376.72 1405.77 28.8596 1.4692 1.97976 1.06565 -0.106056 0.000322131 0.00736642
1388.47 1418.32 27.6278 1.47356 2.07019 1.06919 -0.103375 0.000423305 0.00803097
1400.42 1431.12 26.4138 1.47933 2.17054 1.07304 -0.0996294 0.000545828 0.00877657
1411.1 1442.59 25.3727 1.48582 2.26804 1.07666 -0.0952455 0.000672952 0.00950066
1420.72 1452.97 24.4793 1.4929 2.36276 1.08004 -0.0903212 0.000801359 0.010195
1430.76 1463.83 23.6027 1.50168 2.46891 1.08362 -0.0840703 0.000947275 0.0109522
1440.77 1474.7 22.7971 1.51193 2.58246 1.08717 -0.0765924 0.00110052 0.0117245
1450.04 1484.79 22.1242 1.52278 2.69437 1.09036 -0.0684973 0.00124283 0.0124341
1458.68 1494.22 21.5687 1.53407 2.80459 1.09316 -0.0598997 0.00136872 0.0130703
1467.94 1504.36 21.0609 1.54731 2.92858 1.09586 -0.0495893 0.0014867 0.0136972
1477.81 1515.19 20.6302 1.56249 3.06679 1.09827 -0.0374458 0.00158083 0.0142683
1488.31 1526.73 20.3098 1.57939 3.21901 1.10013 -0.0234801 0.00163077 0.0147221
1497.98 1537.37 20.1478 1.59516 3.36271 1.1011 -0.00994015 0.00162161 0.0149675
1507.41 1547.76 20.1175 1.6102 3.50428 1.10128 0.00353171 0.00155864 0.015027
1516.23 1557.47 20.2041 1.62351 3.63644 1.10076 0.0160541 0.00145456 0.0149169
1524.96 1567.08 20.3973 1.63564 3.76572 1.09961 0.0280959 0.00131594 0.0146565
1534.02 1577.03 20.706 1.6468 3.89671 1.09784 0.0399394 0.00114593 0.0142452
1542.4 1586.22 21.084 1.6557 4.01413 1.09574 0.0501307 0.000975734 0.0137587
1551.02 1595.66 21.558 1.66334 4.13025 1.09322 0.0597102 0.000798188 0.0131782
1560.25 1605.74 22.1526 1.66986 4.24883 1.09022 0.0688834 0.000614748 0.0124959
1570.2 1616.57 22.8818 1.67505 4.36933 1.08679 0.0774768 0.000433451 0.0117246
1579.59 1626.76 23.6428 1.6784 4.476 1.08345 0.0843944 0.000282673 0.0109897
1589.29 1637.25 24.4912 1.68048 4.57895 1.07999 0.0903959 0.000149653 0.0102462
1599.35 1648.09 25.4268 1.68139 4.67823 1.07647 0.0955056 3.56435e-05 0.00950798
1609.63 1659.14 26.4312 1.68126 4.7723 1.07299 0.0996925 -5.78308e-05 0.00879882
1620.38 1670.66 27.5224 1.68021 4.86318 1.06951 0.103098 -0.000133807 0.00811307
1631.39 1682.41 28.6719 1.6784 4.94887 1.06617 0.105709 -0.000192284 0.00747263
1643.59 1695.4 29.9751 1.67575 5.03608 1.0627 0.107743 -0.000238843 0.00683313
1656.06 1708.63 31.3275 1.67256 5.11759 1.05943 0.109059 -0.000271007 0.00625173
1669.28 1722.62 32.7752 1.66882 5.19659 1.05625 0.109782 -0.000292375 0.00570736
1682.7 1736.77 34.2497 1.66481 5.26983 1.0533 0.109955 -0.000304275 0.00522251
1699.79 1754.74 36.1262 1.65955 5.3544 1.04992 0.109554 -0.000309566 0.00468952
1715.18 1770.87 37.8062 1.65479 5.42333 1.04719 0.108745 -0.000308029 0.00427847
1731.24 1787.67 39.5438 1.64989 5.489 1.04463 0.107571 -0.000302401 0.0039076
1747.59 1804.74 41.2917 1.64501 5.55018 1.04228 0.106121 -0.00029408 0.00358109
1764.24 1822.08 43.045 1.64019 5.60735 1.04012 0.104459 -0.000284091 0.00329302
1793.51 1852.47 46.0557 1.63215 5.69734 1.03682 0.101243 -0.00026504 0.00287353
1817.59 1877.41 48.4603 1.62596 5.76307 1.03449 0.0984394 -0.000249307 0.00259357
1844.01 1904.7 51.0191 1.6196 5.8281 1.03226 0.095294 -0.000232822 0.00233838
1870.84 1932.38 53.5335 1.61356 5.88788 1.03029 0.092085 -0.00021727 0.00212271
1900.12 1962.51 56.178 1.60743 5.94705 1.02841 0.0886162 -0.000201819 0.00192663
1932.1 1995.38 58.953 1.60122 6.00575 1.02662 0.0848975 -0.000186707 0.00174879
1964.57 2028.68 61.6492 1.59538 6.06001 1.02505 0.0812221 -0.000173119 0.00159865
2000.18 2065.16 64.4718 1.58946 6.11443 1.02355 0.0773163 -0.000160012 0.00146136
2039.32 2105.19 67.4163 1.58344 6.16909 1.02212 0.0731799 -0.000147483 0.00133625
2082.41 2149.2 70.4745 1.57735 6.22414 1.02076 0.0688106 -0.000135607 0.00122265
2126.08 2193.75 73.3866 1.57166 6.2754 1.01958 0.0645678 -0.000125273 0.00112749
2170.34 2238.86 76.1528 1.56632 6.32347 1.01855 0.060445 -0.000116247 0.00104709
2242.09 2311.88 80.2593 1.55843 6.39469 1.01714 0.0541017 -0.00010409 0.000942806
2316.29 2387.31 84.0424 1.5511 6.46144 1.01597 0.0479227 -9.40095e-05 0.00086004
2398.74 2471.03 87.7238 1.54373 6.52932 1.01493 0.0414365 -8.50316e-05 0.000789643
2482.23 2555.73 90.9208 1.53695 6.59287 1.0141 0.035202 -7.77341e-05 0.000735392
2574.07 2648.83 93.8509 1.53011 6.65825 1.01339 0.028652 -7.1275e-05 0.000690541
2667.04 2743.02 96.2166 1.52374 6.72082 1.01285 0.022278 -6.6011e-05 0.000657369
2769.14 2846.41 98.1434 1.51725 6.78657 1.01243 0.0154966 -6.13572e-05 0.000632224
2881.42 2960.07 99.4733 1.5106 6.85653 1.01215 0.00821606 -5.72821e-05 0.000615899
3005.21 3085.36 99.9996 1.50373 6.93229 1.01204 0.000297723 -5.37482e-05 0.000609965
