2 2.02613 99.9999 1.5708 0.0015196 1.01306 -8.80051e-05 -5.04687e-14 0.000759799
6 6.07838 99.9992 1.5708 0.00455881 1.01306 -0.000264016 -1.51409e-13 0.00075981
11.0716 11.2163 99.9973 1.5708 0.00841237 1.01306 -0.000487184 -2.79405e-13 0.000759839
17.502 17.7307 99.9933 1.5708 0.0132986 1.01307 -0.000770148 -4.41731e-13 0.000759901
30.3628 30.7595 99.9797 1.5708 0.0230727 1.01307 -0.00133611 -7.66598e-13 0.000760106
56.0843 56.8173 99.9308 1.5708 0.0426324 1.01308 -0.00246829 -1.41786e-12 0.000760851
89.5415 90.7124 99.8236 1.5708 0.0681136 1.0131 -0.00394183 -2.27018e-12 0.000762486
156.456 158.506 99.4611 1.5708 0.119304 1.01318 -0.00689391 -4.00536e-12 0.000768054
290.284 294.114 98.1417 1.5708 0.223334 1.01346 -0.0128332 -7.70088e-12 0.000788844
425.389 431.066 95.9988 1.5708 0.332136 1.01393 -0.0189047 -1.19695e-11 0.000824455
555.828 563.362 93.1453 1.5708 0.44282 1.01459 -0.0248657 -1.69511e-11 0.000875743
687.51 697.022 89.4684 1.5708 0.562702 1.0155 -0.0309989 -2.33471e-11 0.000949203
828.32 840.105 84.6344 1.5708 0.703739 1.01683 -0.0376773 -3.26295e-11 0.00106073
953.473 967.458 79.5445 1.5708 0.844772 1.01841 -0.0436603 -4.43417e-11 0.00120082
1063.34 1079.44 74.4622 1.5708 0.985531 1.0202 -0.0488326 -5.90326e-11 0.00137033
1150.96 1168.91 70.0096 1.5708 1.11313 1.022 -0.052756 -7.54268e-11 0.00155018
1223.5 1243.11 66.0731 1.5708 1.23223 1.02379 -0.0557111 -9.37424e-11 0.0017404
1284.8 1305.92 62.5906 1.5708 1.34481 1.02557 -0.0578452 -1.14008e-10 0.00193946
1339.46 1362.03 59.3862 1.5708 1.45652 1.0274 -0.0593083 -1.37164e-10 0.0021544
1389 1412.97 56.4262 1.5708 1.56883 1.02928 -0.0601091 -1.63647e-10 0.00238637
1434.55 1459.9 53.6825 1.5708 1.68309 1.03122 -0.0602293 -1.93971e-10 0.00263654
1475.52 1502.19 51.224 1.5708 1.79631 1.03314 -0.0596601 -2.27366e-10 0.00289568
1514.24 1542.22 48.9368 1.5708 1.91367 1.03511 -0.0583581 -2.65392e-10 0.00317268
1548.88 1578.11 46.9468 1.5708 2.02825 1.03698 -0.0564072 -3.05634e-10 0.00344735
1581.21 1611.67 45.1631 1.5708 2.14416 1.0388 -0.0537771 -3.49125e-10 0.00372503
1611.73 1643.4 43.5702 1.5708 2.26206 1.04057 -0.05046 -3.95748e-10 0.0040024
1647.13 1680.27 41.8687 1.5708 2.40958 1.04261 -0.045464 -4.56516e-10 0.0043343
1676.9 1711.34 40.5907 1.5708 2.54277 1.04426 -0.0402231 -5.12564e-10 0.00461153
1708.44 1744.29 39.4237 1.5708 2.69264 1.04586 -0.0336046 -5.75381e-10 0.00488858
1739.59 1776.9 38.4922 1.5708 2.84878 1.04721 -0.0260307 -6.38568e-10 0.00512805
1769.69 1808.43 37.8298 1.5708 3.00598 1.04822 -0.0178662 -6.97605e-10 0.0053092
1801.1 1841.37 37.4114 1.5708 3.17485 1.04887 -0.00868683 -7.53369e-10 0.00542863
1831.38 1873.14 37.2869 1.5708 3.33999 1.04907 0.000492488 -7.97857e-10 0.00546493
1860.87 1904.07 37.4335 1.5708 3.5007 1.04884 0.00941618 -8.29713e-10 0.00542224
1889.86 1934.46 37.83 1.5708 3.65639 1.04822 0.0178686 -8.4854e-10 0.00530916
1920.11 1966.16 38.4967 1.5708 3.81442 1.04721 0.0260754 -8.54819e-10 0.00512685
1949.34 1996.75 39.3651 1.5708 3.96109 1.04594 0.0332046 -8.48955e-10 0.00490315
1980.1 2028.9 40.4893 1.5708 4.10782 1.04439 0.0397315 -8.32192e-10 0.00463465
2012.64 2062.86 41.8794 1.5708 4.25376 1.04259 0.0455015 -8.05499e-10 0.00433209
2044.61 2096.16 43.4098 1.5708 4.38744 1.04075 0.0500621 -7.73267e-10 0.00403202
2079.24 2132.17 45.2125 1.5708 4.52157 1.03875 0.0538637 -7.34625e-10 0.0037169
2114.77 2169.04 47.1795 1.5708 4.64819 1.03675 0.056683 -6.93536e-10 0.00341343
2151.74 2207.33 49.3137 1.5708 4.76894 1.03477 0.0586342 -6.51296e-10 0.00312437
2190.39 2247.29 51.6053 1.5708 4.88436 1.03283 0.0597984 -6.09133e-10 0.00285305
2233.26 2291.52 54.1814 1.5708 5.00086 1.03085 0.0602603 -5.65766e-10 0.0025882
2278.52 2338.13 56.9054 1.5708 5.11238 1.02897 0.0600218 -5.24334e-10 0.00234634
2329.78 2390.82 59.9607 1.5708 5.2265 1.02706 0.059087 -4.82803e-10 0.00211332
2383.88 2446.34 63.1182 1.5708 5.3351 1.02529 0.057555 -4.44761e-10 0.00190717
2438.35 2502.14 66.2019 1.5708 5.43411 1.02373 0.0556229 -4.11795e-10 0.00173364
2501.94 2567.19 69.6584 1.5708 5.53884 1.02215 0.0530403 -3.7911e-10 0.00156585
2567.23 2633.89 73.0285 1.5708 5.63632 1.02076 0.0501586 -3.50997e-10 0.00142467
2644.98 2713.19 76.7889 1.5708 5.74159 1.01935 0.0465566 -3.23391e-10 0.00128855
2738.48 2808.43 80.9348 1.5708 5.8558 1.01796 0.0421126 -2.96899e-10 0.00115992
2829.7 2901.24 84.5774 1.5708 5.95698 1.01685 0.0377496 -2.76573e-10 0.00106216
2960.68 3034.34 89.1136 1.5708 6.0888 1.0156 0.031533 -2.54646e-10 0.000956777
3090.95 3166.57 92.8242 1.5708 6.20829 1.01466 0.025455 -2.393e-10 0.000881812
3232.61 3310.26 95.9697 1.5708 6.32892 1.01393 0.0189744 -2.2822e-10 0.000824955
3390.11 3469.91 98.3998 1.5708 6.4554 1.0134 0.0119033 -2.21426e-10 0.000784711
3559.61 3641.65 99.7803 1.5708 6.58629 1.01311 0.00439952 -2.19707e-10 0.000763147
3738.32 3822.7 99.8635 1.5708 6.72224 1.01309 -0.00346794 -2.23869e-10 0.000761877
3920.17 4006.95 98.5027 1.5708 6.86235 1.01338 -0.0115119 -2.34892e-10 0.000783072
4101.8 4191.06 95.6734 1.5708 7.00842 1.014 -0.0196699 -2.54291e-10 0.000830073
4272.14 4363.87 91.6589 1.5708 7.15566 1.01495 -0.0274957 -2.82874e-10 0.000904375
4427.31 4521.45 86.8283 1.5708 7.30348 1.01621 -0.034793 -3.21736e-10 0.0010078
4565.93 4662.42 81.5471 1.5708 7.45196 1.01776 -0.0414114 -3.72175e-10 0.00114257
4677.26 4775.8 76.6416 1.5708 7.58713 1.0194 -0.0467053 -4.28985e-10 0.00129351
4774.26 4874.77 71.8928 1.5708 7.72076 1.02121 -0.0511674 -4.96115e-10 0.00147003
4857.7 4960.07 67.4722 1.5708 7.85137 1.02313 -0.054721 -5.72781e-10 0.00166897
4931.82 5035.97 63.3122 1.5708 7.98313 1.02519 -0.0574451 -6.6144e-10 0.0018955
4996.82 5102.67 59.5159 1.5708 8.11415 1.02733 -0.0592601 -7.60799e-10 0.00214503
5056.45 5164 55.9504 1.5708 8.25019 1.02961 -0.0601778 -8.75288e-10 0.00242713
5112.49 5221.77 52.5756 1.5708 8.39495 1.03206 -0.060064 -1.00866e-09 0.00274872
5164.52 5275.53 49.4791 1.5708 8.54693 1.03462 -0.058747 -1.15947e-09 0.00310352
5210.68 5323.34 46.8194 1.5708 8.6984 1.0371 -0.05625 -1.3179e-09 0.00346615
5251.44 5365.67 44.5939 1.5708 8.84682 1.03942 -0.0527131 -1.47751e-09 0.00382074
5288.78 5404.52 42.7064 1.5708 8.9959 1.04158 -0.0481504 -1.63814e-09 0.00416594
5323.77 5440.99 41.1156 1.5708 9.14739 1.04356 -0.0425733 -1.79712e-09 0.00449454
5357.8 5476.54 39.7772 1.5708 9.30566 1.04536 -0.035859 -1.95331e-09 0.00480208
5392.05 5512.38 38.6829 1.5708 9.47499 1.04693 -0.0278359 -2.10297e-09 0.00507762
5425.17 5547.07 37.9046 1.5708 9.64683 1.0481 -0.0190072 -2.22994e-09 0.00528828
5457.06 5580.51 37.4444 1.5708 9.81778 1.04882 -0.0097556 -2.32559e-09 0.00541907
5490.29 5615.36 37.2867 1.5708 9.99885 1.04907 0.000299498 -2.38855e-09 0.005465
5521.36 5647.96 37.4426 1.5708 10.1682 1.04883 0.00970093 -2.40882e-09 0.00541958
5551.94 5680.02 37.8764 1.5708 10.3322 1.04815 0.0185868 -2.39193e-09 0.00529615
5584.06 5713.66 38.6141 1.5708 10.4993 1.04703 0.0272036 -2.33862e-09 0.00509574
5613.36 5744.33 39.5163 1.5708 10.6453 1.04573 0.0342199 -2.26412e-09 0.00486571
5644.22 5776.58 40.6737 1.5708 10.7913 1.04414 0.0406158 -2.16641e-09 0.00459273
5681.77 5815.74 42.323 1.5708 10.9572 1.04204 0.0469817 -2.03161e-09 0.00424176
5716.66 5852.07 44.046 1.5708 11.0995 1.04003 0.0515659 -1.90014e-09 0.00391639
5751.36 5888.12 45.8977 1.5708 11.23 1.03803 0.054979 -1.77048e-09 0.00360676
5787.22 5925.31 47.9164 1.5708 11.3539 1.03605 0.0574686 -1.64237e-09 0.00330926
5824.95 5964.36 50.1189 1.5708 11.4733 1.03407 0.0591385 -1.51697e-09 0.00302479
5865.46 6006.21 52.5362 1.5708 11.5902 1.03209 0.0600555 -1.39465e-09 0.00275284
5909.55 6051.67 55.1907 1.5708 11.7057 1.03013 0.0602479 -1.27632e-09 0.0024944
5957.96 6101.5 58.0978 1.5708 11.8205 1.0282 0.0597306 -1.16308e-09 0.00225102
6008.74 6153.66 61.1042 1.5708 11.9291 1.0264 0.058591 -1.06111e-09 0.00203496
6067.09 6213.49 64.4713 1.5708 12.0416 1.02459 0.0567547 -9.62154e-10 0.00182795
6126.08 6273.88 67.7545 1.5708 12.1442 1.023 0.0545127 -8.78587e-10 0.00165509
6195.26 6344.6 71.4259 1.5708 12.2528 1.0214 0.0515709 -7.97655e-10 0.00148932
6266.66 6417.48 74.9931 1.5708 12.354 1.02001 0.0483265 -7.29554e-10 0.001351
6349.79 6502.21 78.8483 1.5708 12.4607 1.01864 0.044413 -6.65658e-10 0.00122212
6437.28 6591.28 82.5515 1.5708 12.5628 1.01745 0.0402338 -6.12249e-10 0.00111493
6530.22 6685.79 86.0844 1.5708 12.6621 1.01642 0.0357949 -5.67477e-10 0.0010253
6644.59 6801.97 89.8681 1.5708 12.7743 1.0154 0.0303869 -5.25312e-10 0.000940779
6783.92 6943.38 93.6494 1.5708 12.8998 1.01447 0.0239134 -4.88502e-10 0.000866339
6933.22 7094.79 96.7108 1.5708 13.0249 1.01377 0.0171181 -4.62505e-10 0.00081236
7093.55 7257.28 98.8793 1.5708 13.152 1.0133 0.00995175 -4.4676e-10 0.000777119
7265.71 7431.71 99.9372 1.5708 13.2841 1.01308 0.00234825 -4.41743e-10 0.000760753
7440.92 7609.21 99.6731 1.5708 13.4174 1.01313 -0.00536618 -4.48545e-10 0.000764791
7619.13 7789.79 98.014 1.5708 13.5557 1.01348 -0.0132697 -4.6864e-10 0.000790901
7798.62 7971.76 94.9081 1.5708 13.7019 1.01417 -0.0213668 -5.05206e-10 0.000843513
7966.41 8142.01 90.6755 1.5708 13.8497 1.01519 -0.0291157 -5.59441e-10 0.000924099
8117.62 8295.6 85.7349 1.5708 13.9972 1.01652 -0.0362571 -6.3244e-10 0.00103367
8247.53 8427.76 80.6214 1.5708 14.1398 1.01806 -0.0424666 -7.22495e-10 0.00116895
8354.44 8536.68 75.8095 1.5708 14.2725 1.0197 -0.0475332 -8.24797e-10 0.00132206
8451.63 8635.88 70.9723 1.5708 14.4097 1.02159 -0.051957 -9.50098e-10 0.00150841
8532.05 8718.1 66.6571 1.5708 14.5387 1.02351 -0.0553062 -1.08674e-09 0.00171004
8607.51 8795.42 62.3794 1.5708 14.6765 1.02569 -0.0579576 -1.25267e-09 0.00195262
8671.96 8861.6 58.5877 1.5708 14.8105 1.02789 -0.0595825 -1.43301e-09 0.00221353
8730.9 8922.25 55.0512 1.5708 14.9493 1.03023 -0.0602553 -1.63825e-09 0.00250706
8784.15 8977.17 51.8483 1.5708 15.0911 1.03264 -0.0598762 -1.86442e-09 0.00282638
8835.42 9030.18 48.8133 1.5708 15.245 1.03522 -0.0582617 -2.12493e-09 0.00318876
8880.07 9076.46 46.2677 1.5708 15.3953 1.03766 -0.055519 -2.3885e-09 0.00354929
8919.89 9117.82 44.1275 1.5708 15.5436 1.03994 -0.051745 -2.65109e-09 0.00390192
8956.51 9155.95 42.3161 1.5708 15.6927 1.04205 -0.0469599 -2.91058e-09 0.00424314
8991.2 9192.13 40.7845 1.5708 15.8456 1.044 -0.0411273 -3.16381e-09 0.00456781
9025.13 9227.58 39.5041 1.5708 16.0057 1.04575 -0.0341404 -3.4063e-09 0.0048687
9058.07 9262.05 38.5076 1.5708 16.1704 1.04719 -0.0261824 -3.62178e-09 0.00512396
9089.89 9295.39 37.8097 1.5708 16.3367 1.04825 -0.0175432 -3.78641e-09 0.00531487
9120.52 9327.51 37.4084 1.5708 16.5014 1.04888 -0.00858134 -3.80056e-09 0.00542951
9154.2 9362.84 37.2909 1.5708 16.6851 1.04907 0.00163398 -3.66887e-09 0.00546376
9185.12 9395.27 37.4862 1.5708 16.8534 1.04876 0.0109575 -3.34513e-09 0.00540698
9215.82 9427.46 37.9599 1.5708 17.0175 1.04802 0.0198031 -2.99048e-09 0.00527288
9245.39 9458.44 38.6637 1.5708 17.1708 1.04696 0.0276615 -2.63807e-09 0.00508267
9276.4 9490.88 39.6377 1.5708 17.3247 1.04556 0.035 -2.2764e-09 0.00483594
9306.53 9522.36 40.7872 1.5708 17.4664 1.04399 0.0411397 -1.94675e-09 0.0045672
9338.46 9555.66 42.1901 1.5708 17.6074 1.04221 0.0465533 -1.63041e-09 0.00426852
9373.36 9592 43.9001 1.5708 17.7507 1.04019 0.0512383 -1.32857e-09 0.00394246
9408.17 9628.17 45.7479 1.5708 17.8824 1.03819 0.0547484 -1.07327e-09 0.00363042
9444 9665.34 47.7588 1.5708 18.0071 1.0362 0.0573113 -8.54425e-10 0.00333113
9481.86 9704.53 49.9644 1.5708 18.1277 1.0342 0.0590503 -6.65453e-10 0.00304352
9522.18 9746.19 52.3675 1.5708 18.2448 1.03222 0.060017 -5.03939e-10 0.00277061
9566.05 9791.43 55.0084 1.5708 18.3605 1.03026 0.0602572 -3.65502e-10 0.00251096
9614.24 9841.02 57.903 1.5708 18.4754 1.02832 0.059785 -2.48115e-10 0.00226619
9664.74 9892.91 60.8965 1.5708 18.5842 1.02652 0.0586863 -1.54344e-10 0.00204886
9722.72 9952.37 64.2495 1.5708 18.6968 1.0247 0.0568911 -7.36136e-11 0.00184059
9781.3 10012.4 67.5192 1.5708 18.7994 1.02311 0.0546863 -1.29939e-11 0.00166664
9849.96 10082.5 71.1762 1.5708 18.9079 1.02151 0.0517843 3.93932e-11 0.00149979
9920.77 10154.8 74.7303 1.5708 19.009 1.0201 0.0485779 7.89114e-11 0.00136052
9994.5 10230 78.1851 1.5708 19.1048 1.01887 0.0451168 1.09483e-10 0.00124294
10072 10308.9 81.5377 1.5708 19.1971 1.01777 0.041422 1.33772e-10 0.00114283
10162.1 10400.6 85.078 1.5708 19.2958 1.0167 0.0371109 1.55386e-10 0.0010497
10267 10507.2 88.7094 1.5708 19.4013 1.0157 0.0321312 1.74903e-10 0.000965515
10396.9 10639 92.4866 1.5708 19.5213 1.01475 0.0260609 1.94393e-10 0.000888261
10542.8 10787 95.7994 1.5708 19.6462 1.01397 0.0193766 2.13639e-10 0.00082789
10699.1 10945.5 98.2778 1.5708 19.7722 1.01343 0.0123509 2.34096e-10 0.000786661
10867.4 11116 99.7276 1.5708 19.9023 1.01312 0.00489801 2.5855e-10 0.000763955
11046 11296.9 99.9 1.5708 20.0382 1.01308 -0.0029655 2.90137e-10 0.00076132
11227.7 11481.1 98.632 1.5708 20.178 1.01335 -0.0110005 3.31923e-10 0.000781021
11409.8 11665.6 95.8877 1.5708 20.3239 1.01395 -0.0191689 3.89045e-10 0.000826367
11581.3 11839.6 91.9279 1.5708 20.4714 1.01488 -0.0270369 4.6491e-10 0.000899091
11736.3 11997 87.1755 1.5708 20.618 1.01611 -0.0343157 5.63002e-10 0.000999791
11869.9 12132.8 82.1655 1.5708 20.7595 1.01757 -0.0406904 6.8374e-10 0.00112543
11983.8 12248.8 77.2247 1.5708 20.8957 1.0192 -0.0461131 8.2847e-10 0.00127405
12079.5 12346.4 72.5943 1.5708 21.0253 1.02093 -0.0505485 9.96218e-10 0.00144176
12165.8 12434.7 68.0675 1.5708 21.158 1.02286 -0.0542788 1.2014e-09 0.0016399
12239.3 12509.8 63.9759 1.5708 21.286 1.02484 -0.0570567 1.43463e-09 0.00185638
12305.6 12577.9 60.1248 1.5708 21.4169 1.02696 -0.0590201 1.71067e-09 0.0021018
12364.7 12638.6 56.6018 1.5708 21.5489 1.02917 -0.060079 2.02845e-09 0.00237158
12420.3 12696 53.2495 1.5708 21.6892 1.03155 -0.0601808 2.40596e-09 0.00267958
12472.1 12749.5 50.1528 1.5708 21.8366 1.03404 -0.0591571 2.76249e-09 0.0030207
12519.6 12798.6 47.3926 1.5708 21.9884 1.03654 -0.0569231 3.02925e-09 0.00338281
12561.5 12842 45.075 1.5708 22.1373 1.0389 -0.0536199 3.1463e-09 0.00373961
12599.4 12881.5 43.1166 1.5708 22.2858 1.04109 -0.0492989 3.07955e-09 0.00408704
12634.9 12918.4 41.4609 1.5708 22.4365 1.04312 -0.0439614 2.90437e-09 0.00441999
12668.9 12954 40.0703 1.5708 22.5923 1.04496 -0.0375481 2.63785e-09 0.0047321
12702 12988.6 38.9464 1.5708 22.7538 1.04654 -0.0300843 2.27471e-09 0.00500914
12734.1 13022.2 38.1115 1.5708 22.9182 1.04779 -0.0218059 1.82522e-09 0.00523103
12765 13054.6 37.571 1.5708 23.0825 1.04862 -0.0130373 1.31228e-09 0.00538262
12797.3 13088.5 37.3054 1.5708 23.2575 1.04904 -0.0033772 7.1969e-10 0.00545953
12829.3 13122.1 37.3534 1.5708 23.4325 1.04897 0.00636506 1.0836e-10 0.0054455
12859.8 13154.1 37.6868 1.5708 23.5975 1.04844 0.015406 -4.58114e-10 0.00534959
12891.1 13186.9 38.3068 1.5708 23.7624 1.04749 0.0240922 -9.89668e-10 0.00517783
12921.3 13218.5 39.151 1.5708 23.9155 1.04625 0.0316693 -1.43313e-09 0.00495693
12950.6 13249.1 40.1746 1.5708 24.057 1.04482 0.0381154 -1.78721e-09 0.00470756
12981.5 13281.4 41.4455 1.5708 24.1982 1.04314 0.0439019 -2.07891e-09 0.00442327
13011.9 13313 42.8496 1.5708 24.328 1.04141 0.0485623 -2.28847e-09 0.00413814
13046.6 13349.1 44.6124 1.5708 24.4661 1.0394 0.0527493 -2.44854e-09 0.00381758
13081.6 13385.5 46.5196 1.5708 24.5946 1.0374 0.055863 -2.54035e-09 0.00351097
13118.1 13423.3 48.6014 1.5708 24.7172 1.03541 0.058089 -2.57979e-09 0.00321663
13156.8 13463.4 50.8798 1.5708 24.8361 1.03342 0.059517 -2.57722e-09 0.002935
13198.4 13506.3 53.37 1.5708 24.9524 1.03146 0.0601962 -2.54079e-09 0.0026675
13243.8 13553.1 56.1062 1.5708 25.0677 1.0295 0.060157 -2.47699e-09 0.00241366
13294 13604.6 59.1058 1.5708 25.1825 1.02757 0.0594089 -2.37242e-09 0.0021749
13346.7 13658.8 62.2064 1.5708 25.2916 1.02578 0.058048 -2.21316e-09 0.00196349
13402.8 13716.3 65.4114 1.5708 25.3963 1.02412 0.0561541 -2.04141e-09 0.00177579
13459.7 13774.5 68.543 1.5708 25.4926 1.02264 0.0539172 -1.88452e-09 0.00161723
13526.6 13842.9 72.0531 1.5708 25.5955 1.02115 0.0510271 -1.71966e-09 0.0014635
13595.7 13913.4 75.4718 1.5708 25.692 1.01983 0.0478635 -1.57302e-09 0.00133392
13667.8 13986.9 78.8018 1.5708 25.7841 1.01866 0.0444627 -1.44781e-09 0.00122356
13751.8 14072.4 82.3664 1.5708 25.8823 1.01751 0.0404535 -1.33002e-09 0.00111995
13854.2 14176.5 86.2579 1.5708 25.9917 1.01637 0.0355636 -1.20893e-09 0.00102118
13980.2 14304.5 90.3643 1.5708 26.1144 1.01527 0.0296116 -1.07046e-09 0.000930476
14116.5 14442.9 93.969 1.5708 26.2362 1.01439 0.0232915 -9.36348e-10 0.000860457
14267.3 14595.8 96.9635 1.5708 26.3617 1.01371 0.01644 -8.0334e-10 0.000808132
14428.6 14759.3 99.033 1.5708 26.4891 1.01327 0.00924194 -6.73537e-10 0.00077471
14601.4 14934.4 99.9703 1.5708 26.6214 1.01307 0.00161504 -5.57422e-10 0.00076025
14783.5 15118.8 99.5347 1.5708 26.7601 1.01316 -0.0064047 -4.52841e-10 0.00076692
14967.8 15305.5 97.6021 1.5708 26.9038 1.01357 -0.0145922 -3.52964e-10 0.000797591
15144 15484.2 94.3311 1.5708 27.0489 1.01431 -0.0225675 -2.50405e-10 0.000853864
15309.4 15652 89.9666 1.5708 27.1966 1.01537 -0.0302346 -1.32542e-10 0.000938721
15452.9 15797.8 85.1418 1.5708 27.3387 1.01668 -0.0370288 5.26895e-12 0.00104813
15576 15923.1 80.2203 1.5708 27.4755 1.01819 -0.0429153 1.72122e-10 0.00118067
15680.4 16029.5 75.4816 1.5708 27.6063 1.01982 -0.047854 3.73992e-10 0.00133357
15771.1 16122 70.9535 1.5708 27.7349 1.0216 -0.0519729 6.22904e-10 0.00150922
15857.2 16210.1 66.3175 1.5708 27.8739 1.02367 -0.055543 9.60258e-10 0.0017276
15930.2 16284.9 62.1701 1.5708 28.0083 1.0258 -0.0580669 1.36449e-09 0.00196578
15993.9 16350.3 58.415 1.5708 28.1416 1.028 -0.0596364 1.85105e-09 0.00222664
16052.2 16410.3 54.9179 1.5708 28.2796 1.03032 -0.0602605 2.44835e-09 0.00251925
16106.7 16466.6 51.6374 1.5708 28.4257 1.0328 -0.0598088 3.11421e-09 0.00284951
16157.6 16519.2 48.6308 1.5708 28.5798 1.03538 -0.0581135 3.80297e-09 0.00321274
16202 16565.2 46.1089 1.5708 28.7302 1.03782 -0.055292 4.41937e-09 0.00357379
16241.7 16606.4 43.9887 1.5708 28.8788 1.04009 -0.0514379 4.9218e-09 0.0039266
16278.1 16644.3 42.201 1.5708 29.0279 1.04219 -0.0465886 5.26823e-09 0.00426631
16312.6 16680.3 40.6896 1.5708 29.1808 1.04412 -0.0406895 5.41198e-09 0.00458915
16346.6 16715.8 39.424 1.5708 29.3419 1.04586 -0.0336055 5.29158e-09 0.00488851
16379.5 16750.3 38.4456 1.5708 29.5074 1.04728 -0.0255609 4.85031e-09 0.0051405
16411.4 16783.7 37.7682 1.5708 29.6742 1.04832 -0.0168546 4.06838e-09 0.00532656
16444.6 16818.5 37.3692 1.5708 29.8533 1.04894 -0.00707251 2.88312e-09 0.00544091
16477.9 16853.4 37.3017 1.5708 30.0348 1.04905 0.0030284 1.55099e-09 0.00546061
16508.7 16885.8 37.5392 1.5708 30.2026 1.04867 0.0123015 3.0549e-10 0.00539173
16539.6 16918.1 38.056 1.5708 30.3669 1.04787 0.0210996 -8.70523e-10 0.00524628
16569.3 16949.3 38.8009 1.5708 30.52 1.04676 0.028874 -1.88464e-09 0.00504679
16600.5 16981.9 39.8169 1.5708 30.6736 1.04531 0.0360957 -2.78688e-09 0.00479252
16633.4 17016.3 41.1141 1.5708 30.8264 1.04357 0.0425664 -3.54459e-09 0.00449487
16665.6 17049.8 42.5711 1.5708 30.9663 1.04174 0.0477485 -4.09507e-09 0.00419246
16700 17085.7 44.2926 1.5708 31.105 1.03975 0.0520977 -4.40518e-09 0.0038729
16735 17122 46.1748 1.5708 31.235 1.03775 0.0553868 -4.47922e-09 0.0035636
16771 17159.3 48.2141 1.5708 31.3579 1.03577 0.0577503 -4.38195e-09 0.00326851
16809 17198.7 50.4429 1.5708 31.4767 1.03379 0.0593105 -4.16044e-09 0.00298607
16850 17241 52.895 1.5708 31.5935 1.03182 0.0601256 -3.84853e-09 0.00271563
16894.7 17287 55.583 1.5708 31.7089 1.02986 0.0602176 -3.4757e-09 0.00245932
16943.7 17337.5 58.5221 1.5708 31.8233 1.02793 0.059603 -3.06625e-09 0.0022185
16995.2 17390.3 61.5611 1.5708 31.9319 1.02614 0.0583731 -2.65986e-09 0.00200487
17049.8 17446.3 64.7033 1.5708 32.0361 1.02447 0.0566096 -2.26618e-09 0.00181487
17105.1 17502.9 67.7747 1.5708 32.1318 1.02299 0.0544975 -1.91055e-09 0.00165411
17169.9 17569.2 71.2198 1.5708 32.2338 1.02149 0.0517469 -1.57294e-09 0.00149795
17236.7 17637.4 74.5792 1.5708 32.3294 1.02016 0.0487213 -1.30002e-09 0.00136604
17316.7 17718.9 78.3248 1.5708 32.4333 1.01882 0.0449693 -1.04621e-09 0.00123851
17413.2 17817.2 82.4435 1.5708 32.5468 1.01749 0.0403619 -8.13738e-10 0.00111786
17507.7 17913.3 86.0451 1.5708 32.6479 1.01643 0.0358469 -6.40203e-10 0.00102623
17617.8 18025.1 89.7031 1.5708 32.7561 1.01544 0.0306404 -4.83887e-10 0.000944242
17747.9 18157.2 93.2941 1.5708 32.8741 1.01455 0.0245876 -3.41398e-10 0.000872952
17896.5 18307.9 96.4426 1.5708 32.9993 1.01383 0.0178104 -2.14159e-10 0.000816885
18055.4 18468.9 98.706 1.5708 33.1259 1.01334 0.0106964 -1.02853e-10 0.000779852
18226.6 18642.4 99.8884 1.5708 33.2576 1.01309 0.00312975 2.72921e-12 0.000761498
18406.9 18825.1 99.737 1.5708 33.3948 1.01312 -0.00481073 1.10609e-10 0.000763812
18592.1 19012.8 98.0871 1.5708 33.5383 1.01347 -0.0130205 2.30983e-10 0.000789723
18769.4 19192.5 95.0727 1.5708 33.6824 1.01414 -0.0210122 3.70528e-10 0.000840596
18937.2 19362.7 90.9015 1.5708 33.8295 1.01514 -0.0287504 5.44556e-10 0.000919512
19088.4 19516.3 86.0153 1.5708 33.9762 1.01644 -0.0358866 7.632e-10 0.00102695
19214.5 19644.6 81.111 1.5708 34.1133 1.0179 -0.0419116 1.01957e-09 0.00115489
19321.7 19753.7 76.3474 1.5708 34.2446 1.01951 -0.0469999 1.3047e-09 0.0013035
19419.2 19853.3 71.543 1.5708 34.3801 1.02135 -0.05147 1.6284e-09 0.00148445
19503 19939 67.0774 1.5708 34.5128 1.02331 -0.055007 1.95777e-09 0.00168868
19577.4 20015.1 62.8836 1.5708 34.6466 1.02542 -0.0576852 2.28726e-09 0.00192143
19644.3 20083.8 58.9615 1.5708 34.7837 1.02766 -0.0594587 2.59971e-09 0.00218556
19705.5 20146.8 55.2903 1.5708 34.9264 1.03006 -0.0602412 2.8695e-09 0.00248542
19760.9 20203.9 51.958 1.5708 35.0729 1.03255 -0.0599084 3.05013e-09 0.00281445
19812.8 20257.6 48.885 1.5708 35.2281 1.03515 -0.0583175 3.08949e-09 0.00317941
19857.6 20304 46.3252 1.5708 35.3787 1.0376 -0.0555986 2.92881e-09 0.00354049
19897.6 20345.6 44.1721 1.5708 35.5272 1.03989 -0.0518409 2.57524e-09 0.00389405
19934.3 20383.8 42.3524 1.5708 35.6764 1.04201 -0.0470741 2.09565e-09 0.00423587
19969 20420 40.8161 1.5708 35.829 1.04396 -0.0412696 1.47918e-09 0.00456074
20003 20455.4 39.5303 1.5708 35.989 1.04571 -0.0343101 7.08609e-10 0.00486228
20037.7 20491.8 38.4817 1.5708 36.1625 1.04723 -0.0259237 -2.46444e-10 0.00513087
20069.3 20524.9 37.7955 1.5708 36.328 1.04827 -0.0173097 -1.23835e-09 0.00531885
20099.8 20556.8 37.4031 1.5708 36.4919 1.04889 -0.00838739 -2.25823e-09 0.00543106
20133.2 20591.9 37.2918 1.5708 36.6743 1.04907 0.00176017 -3.38483e-09 0.00546351
20164.2 20624.4 37.4919 1.5708 36.8431 1.04875 0.0111059 -4.35808e-09 0.00540535
20194.9 20656.6 37.9691 1.5708 37.0069 1.04801 0.0199295 -5.04223e-09 0.00527033
20226.9 20690.1 38.7453 1.5708 37.1725 1.04684 0.0283911 -5.41245e-09 0.00506128
20257.9 20722.5 39.7395 1.5708 37.3255 1.04542 0.0356291 -5.47047e-09 0.00481121
20288 20754 40.9059 1.5708 37.4664 1.04384 0.0416704 -5.2933e-09 0.00454075
20319.9 20787.3 42.3242 1.5708 37.6066 1.04204 0.0469848 -4.92401e-09 0.00424152
20354 20822.8 44.0057 1.5708 37.7457 1.04007 0.0514758 -4.40605e-09 0.00392356
20388.8 20858.9 45.8572 1.5708 37.8766 1.03808 0.0549168 -3.81582e-09 0.00361314
20424.5 20896 47.8695 1.5708 38.0005 1.03609 0.0574219 -3.19401e-09 0.00331575
20462.3 20935.1 50.0744 1.5708 38.1203 1.03411 0.059113 -2.58854e-09 0.00303018
20502.6 20976.7 52.4748 1.5708 38.2367 1.03214 0.0600415 -2.0649e-09 0.00275929
20546.6 21022.1 55.1236 1.5708 38.3522 1.03018 0.0602514 -1.60828e-09 0.00250048
20595.1 21072 58.0392 1.5708 38.4675 1.02824 0.0597469 -1.21412e-09 0.00225557
20648.9 21127.3 61.2261 1.5708 38.5826 1.02633 0.0585337 -8.78717e-10 0.00202687
20702.8 21182.6 64.3358 1.5708 38.6865 1.02466 0.056838 -6.22273e-10 0.00183566
20757.3 21238.3 67.376 1.5708 38.7819 1.02317 0.0547909 -4.22068e-10 0.00167374
20821.1 21303.6 70.7871 1.5708 38.8835 1.02167 0.0521126 -2.42204e-10 0.00151632
20896.6 21380.6 74.5935 1.5708 38.9921 1.02016 0.0487079 -8.32326e-11 0.00136552
20969 21454.5 77.9999 1.5708 39.0867 1.01893 0.0453107 3.13423e-11 0.00124885
21056.4 21543.5 81.7787 1.5708 39.1907 1.01769 0.0411425 1.36071e-10 0.00113611
21141.9 21630.4 85.12 1.5708 39.2839 1.01669 0.0370566 2.14547e-10 0.00104866
21245.1 21735.3 88.6927 1.5708 39.3877 1.01571 0.0321555 2.88854e-10 0.00096588
21356.4 21848.3 91.98 1.5708 39.4912 1.01487 0.026947 3.53173e-10 0.000898075
21495.1 21989.1 95.2746 1.5708 39.6113 1.01409 0.0205699 4.20644e-10 0.000837036
21649.8 22145.8 97.915 1.5708 39.737 1.0135 0.0135985 4.88925e-10 0.000792503
21815.8 22314.1 99.5599 1.5708 39.8662 1.01316 0.00622716 5.62996e-10 0.000766532
21993.2 22493.8 99.9712 1.5708 40.0013 1.01307 -0.00158547 6.51834e-10 0.000760237
22173.8 22676.7 98.9665 1.5708 40.1396 1.01328 -0.00955445 7.54199e-10 0.000775751
22357.1 22862.6 96.465 1.5708 40.2852 1.01382 -0.0177536 8.64069e-10 0.000816506
22531 23038.9 92.6899 1.5708 40.4326 1.0147 -0.0256972 9.81782e-10 0.00088437
22690 23200.4 88.0148 1.5708 40.5804 1.01589 -0.0331366 1.10525e-09 0.000980816
22827.4 23340 83.0158 1.5708 40.7229 1.01731 -0.0396777 1.22264e-09 0.0011025
22944.6 23459.3 78.0356 1.5708 40.8602 1.01892 -0.0452735 1.3213e-09 0.00124771
23047.1 23563.9 73.1475 1.5708 40.9966 1.02071 -0.0500506 1.38714e-09 0.00142004
23135.6 23654.3 68.5442 1.5708 41.1306 1.02264 -0.0539162 1.39744e-09 0.00161718
23214.5 23735 64.17 1.5708 41.2667 1.02474 -0.0569395 1.34392e-09 0.00184517
23280.8 23803 60.3245 1.5708 41.3968 1.02685 -0.0589368 1.24978e-09 0.00208791
23344.1 23868.1 56.5544 1.5708 41.5377 1.0292 -0.0600872 1.08818e-09 0.00237556
23399.8 23925.5 53.1994 1.5708 41.6784 1.03158 -0.0601737 8.53028e-10 0.00268463
23454 23981.5 49.962 1.5708 41.8334 1.0342 -0.0590485 4.96675e-10 0.00304383
23501.3 24030.5 47.2157 1.5708 41.9859 1.03672 -0.0567241 3.75807e-11 0.00340821
23542.9 24073.6 44.9245 1.5708 42.1348 1.03906 -0.0533455 -5.17537e-10 0.00376472
23580.6 24112.9 42.9882 1.5708 42.2835 1.04125 -0.0489499 -1.175e-09 0.0041115
23616 24149.7 41.3515 1.5708 42.4345 1.04326 -0.0435337 -1.93923e-09 0.00444341
23650 24185.2 39.978 1.5708 42.591 1.04509 -0.0370316 -2.81653e-09 0.00475398
23684.2 24221 38.8408 1.5708 42.7586 1.0467 -0.0292134 -3.81742e-09 0.00503642
23715.4 24253.7 38.0527 1.5708 42.9195 1.04788 -0.0210554 -4.65089e-09 0.00524721
23745.6 24285.3 37.5461 1.5708 43.08 1.04866 -0.0124654 -5.26122e-09 0.00538974
23780.9 24322.3 37.2924 1.5708 43.2717 1.04906 -0.00186171 -5.66997e-09 0.00546335
23812.6 24355.6 37.3865 1.5708 43.4449 1.04891 0.00777409 -5.72011e-09 0.00543587
23843.2 24387.7 37.7636 1.5708 43.6099 1.04832 0.0167758 -5.47058e-09 0.00532786
23874.8 24420.8 38.432 1.5708 43.7754 1.0473 0.0254216 -4.94755e-09 0.00514415
23903.6 24451 39.2681 1.5708 43.9205 1.04608 0.032523 -4.28805e-09 0.00492741
23933.9 24482.6 40.3543 1.5708 44.0658 1.04457 0.0390548 -3.47761e-09 0.00466572
23965.9 24516 41.7009 1.5708 44.2105 1.04282 0.0448622 -2.6814e-09 0.00436926
24000 24551.6 43.3181 1.5708 44.3539 1.04086 0.0498278 -1.95636e-09 0.00404912
24034.8 24587.8 45.1258 1.5708 44.4895 1.03885 0.0537105 -1.34252e-09 0.0037312
24070 24624.3 47.0687 1.5708 44.6154 1.03686 0.0565529 -8.41015e-10 0.00342953
24107.2 24662.8 49.2112 1.5708 44.7374 1.03486 0.0585613 -4.21166e-10 0.00313741
24146.5 24703.4 51.5376 1.5708 44.855 1.03289 0.0597749 -7.77126e-11 0.00286056
24189 24747.3 54.0933 1.5708 44.971 1.03092 0.0602563 2.03417e-10 0.00259664
24235.7 24795.4 56.9057 1.5708 45.0863 1.02897 0.0600214 4.30012e-10 0.00234632
24287.8 24849 60.0092 1.5708 45.2022 1.02703 0.0590671 6.09113e-10 0.00210991
24342.8 24905.4 63.2154 1.5708 45.3122 1.02524 0.0574998 7.39346e-10 0.00190131
24398.1 24962.1 66.3455 1.5708 45.4125 1.02366 0.0555235 8.28718e-10 0.00172614
24462.8 25028.2 69.852 1.5708 45.5185 1.02207 0.0528837 8.97763e-10 0.00155719
24529.2 25096.1 73.2684 1.5708 45.617 1.02066 0.0499406 9.42954e-10 0.00141536
24606.6 25175 76.9933 1.5708 45.7212 1.01928 0.046349 9.75359e-10 0.00128172
24687.6 25257.5 80.5934 1.5708 45.8203 1.01807 0.0424979 9.95713e-10 0.00116977
24781.9 25353.5 84.3885 1.5708 45.9256 1.0169 0.0379875 1.01037e-09 0.00106692
24882.5 25455.7 87.9695 1.5708 46.0285 1.0159 0.0332011 1.0217e-09 0.000981826
24990.8 25565.7 91.2876 1.5708 46.1308 1.01504 0.0281168 1.03366e-09 0.000911748
25125.6 25702.4 94.6565 1.5708 46.2491 1.01423 0.0218975 1.04487e-09 0.000848004
25278.6 25857.6 97.4767 1.5708 46.3749 1.0136 0.0149716 1.04497e-09 0.000799644
25442.8 26024 99.3339 1.5708 46.5035 1.0132 0.00766472 1.04135e-09 0.000770024
25617.8 26201.3 99.9997 1.5708 46.637 1.01306 -4.66849e-05 1.03925e-09 0.000759804
25800.6 26386.5 99.2552 1.5708 46.7766 1.01322 -0.00810618 1.0416e-09 0.000771245
25984.9 26573.2 97.0067 1.5708 46.9217 1.0137 -0.0163207 1.04799e-09 0.000807412
26160.9 26751.7 93.4328 1.5708 47.0688 1.01452 -0.0243266 1.05265e-09 0.000870363
26322.7 26916 88.8875 1.5708 47.2166 1.01566 -0.0318686 1.04365e-09 0.000961652
26462.8 27058.3 83.9586 1.5708 47.3589 1.01703 -0.0385246 1.00421e-09 0.00107788
26582.6 27180.3 78.9981 1.5708 47.496 1.01859 -0.0442521 9.28006e-10 0.00121749
26683.9 27283.6 74.2732 1.5708 47.6271 1.02028 -0.0490105 8.26793e-10 0.00137732
26775.6 27377.2 69.5883 1.5708 47.7618 1.02218 -0.0530964 6.80661e-10 0.00156901
26854 27457.4 65.3005 1.5708 47.8928 1.02417 -0.0562268 4.84547e-10 0.00178183
26923.2 27528.3 61.3297 1.5708 48.0239 1.02627 -0.0584848 2.21865e-10 0.00202003
26987 27593.9 57.547 1.5708 48.1614 1.02855 -0.0598775 -1.37604e-10 0.00229432
27045.2 27653.8 54.0472 1.5708 48.3035 1.03095 -0.0602542 -6.12837e-10 0.00260107
27097.6 27707.9 50.9061 1.5708 48.4481 1.0334 -0.0595286 -1.21479e-09 0.00293197
27146.6 27758.6 48.0281 1.5708 48.6006 1.03594 -0.0575765 -1.98546e-09 0.00329389
27189.7 27803.3 45.6103 1.5708 48.7499 1.03833 -0.05453 -2.87569e-09 0.00365235
27228.4 27843.6 43.57 1.5708 48.8983 1.04057 -0.0504591 -3.83692e-09 0.00400243
27264.4 27881.1 41.8432 1.5708 49.0483 1.04264 -0.0453735 -4.75641e-09 0.00433959
27298.9 27917 40.3824 1.5708 49.2033 1.04454 -0.0391974 -5.59671e-09 0.00465924
27332.5 27952.1 39.1841 1.5708 49.3649 1.0462 -0.0319144 -6.29586e-09 0.00494857
27365 27986.2 38.2748 1.5708 49.5301 1.04754 -0.0237377 -6.77141e-09 0.00518648
27399.1 28022 37.6257 1.5708 49.7102 1.04854 -0.0142108 -6.97186e-09 0.00536698
27431.9 28056.3 37.319 1.5708 49.8878 1.04902 -0.00443567 -6.82095e-09 0.00545556
27464.2 28090.2 37.3345 1.5708 50.0642 1.049 0.00539121 -6.32236e-09 0.00545103
27494.8 28122.3 37.6393 1.5708 50.2297 1.04852 0.0144878 -5.55398e-09 0.00536309
27526 28155 38.2292 1.5708 50.3946 1.04761 0.0232188 -4.53626e-09 0.00519886
27558.6 28189.2 39.1241 1.5708 50.5606 1.04629 0.0314685 -3.3285e-09 0.00496375
27590.2 28222.2 40.2319 1.5708 50.7133 1.04474 0.0384201 -2.23873e-09 0.00469417
27621 28254.4 41.5065 1.5708 50.8536 1.04306 0.0441364 -1.31901e-09 0.00441029
27653.8 28288.5 43.0368 1.5708 50.9931 1.04119 0.0490833 -5.01671e-10 0.00410221
27688.4 28324.5 44.8093 1.5708 51.1295 1.03919 0.0531299 1.91787e-10 0.0037841
27723.6 28361 46.7338 1.5708 51.2572 1.03719 0.0561418 7.39233e-10 0.00347886
27760.3 28399.1 48.8381 1.5708 51.3795 1.0352 0.0582809 1.17079e-09 0.00318552
27799.4 28439.6 51.147 1.5708 51.4985 1.0332 0.0596292 1.50558e-09 0.00290441
27841.2 28482.7 53.6563 1.5708 51.6143 1.03124 0.0602265 1.75548e-09 0.00263911
27887 28529.8 56.41 1.5708 51.7291 1.0293 0.0601114 1.93566e-09 0.00238774
27937.7 28582 59.4399 1.5708 51.844 1.02737 0.0592881 2.05654e-09 0.00215052
27988.1 28633.8 62.3983 1.5708 51.9473 1.02568 0.0579473 2.1217e-09 0.00195143
28046.3 28693.4 65.7145 1.5708 52.0551 1.02397 0.0559529 2.13871e-09 0.00175945
28105.4 28753.8 68.951 1.5708 52.1541 1.02246 0.0536007 2.09321e-09 0.00159815
28174.9 28824.9 72.5732 1.5708 52.2596 1.02094 0.0505671 1.99804e-09 0.0014426
28246.9 28898.3 76.0939 1.5708 52.3586 1.0196 0.047252 1.87908e-09 0.0013122
28322.1 28974.9 79.5144 1.5708 52.453 1.01842 0.0436926 1.74768e-09 0.00120173
28401.4 29055.6 82.8291 1.5708 52.5444 1.01737 0.039902 1.61036e-09 0.00110747
28498.2 29154.1 86.4687 1.5708 52.647 1.01631 0.03528 1.45255e-09 0.0010162
28610.9 29268.5 90.1426 1.5708 52.7567 1.01533 0.0299596 1.28741e-09 0.000935058
28750.8 29410.5 93.8783 1.5708 52.8821 1.01441 0.0234688 1.10941e-09 0.000862122
28901.3 29563.2 96.8946 1.5708 53.0077 1.01373 0.0166261 9.44257e-10 0.000809281
29062.6 29726.7 98.9943 1.5708 53.1352 1.01328 0.00942316 7.86445e-10 0.000775315
29234.8 29901.1 99.9616 1.5708 53.2671 1.01307 0.0018244 6.28467e-10 0.000760383
29416.2 30084.9 99.5682 1.5708 53.4052 1.01315 -0.00616548 4.77346e-10 0.000766403
29600.5 30271.6 97.6791 1.5708 53.5489 1.01356 -0.0143525 3.27376e-10 0.000796335
29779.2 30452.9 94.3937 1.5708 53.6958 1.01429 -0.0224392 1.65864e-10 0.000852732
29944.9 30621 90.042 1.5708 53.8436 1.01536 -0.0301167 -2.18969e-11 0.000937149
30094.1 30772.5 85.0264 1.5708 53.9912 1.01672 -0.0371767 -2.53379e-10 0.00105097
30222 30902.6 79.8803 1.5708 54.1341 1.0183 -0.0432915 -5.37855e-10 0.00119075
30330.3 31013.1 74.9113 1.5708 54.2715 1.02004 -0.0484047 -8.85854e-10 0.00135396
30420.9 31105.6 70.3381 1.5708 54.4021 1.02186 -0.0524862 -1.30037e-09 0.00153574
30502.1 31188.6 65.9411 1.5708 54.5349 1.02386 -0.0558004 -1.81935e-09 0.00174738
30570.7 31258.9 62.0287 1.5708 54.6623 1.02588 -0.0581395 -2.37642e-09 0.00197476
30634.2 31324.1 58.2853 1.5708 54.7957 1.02808 -0.0596755 -3.0001e-09 0.00223656
30692.2 31383.8 54.8027 1.5708 54.9337 1.03041 -0.0602638 -3.67139e-09 0.00252986
30746.5 31439.8 51.5392 1.5708 55.0797 1.03289 -0.0597755 -4.38409e-09 0.00286038
30797.2 31492.3 48.5437 1.5708 55.2339 1.03546 -0.0580405 -5.08028e-09 0.00322428
30841.4 31538.1 46.0367 1.5708 55.3842 1.03789 -0.0551863 -5.6815e-09 0.00358501
30880.8 31579 43.9337 1.5708 55.5323 1.04015 -0.0513141 -6.14699e-09 0.00393644
30917.1 31616.8 42.1548 1.5708 55.6814 1.04225 -0.0464369 -6.42493e-09 0.00427568
30951.7 31652.9 40.6489 1.5708 55.8347 1.04418 -0.0404988 -6.46323e-09 0.00459834
30985.6 31688.3 39.3933 1.5708 55.9957 1.0459 -0.0333969 -6.19505e-09 0.00489615
31018.4 31722.7 38.4245 1.5708 56.1609 1.04732 -0.0253448 -5.56773e-09 0.00514616
31050.2 31756 37.7558 1.57079 56.3274 1.04834 -0.0166427 -4.57061e-09 0.00533007
31083.3 31790.7 37.3647 1.57079 56.5061 1.04895 -0.00687718 -3.13412e-09 0.00544223
31116.7 31825.7 37.3041 1.57079 56.6883 1.04905 0.00326206 -1.52826e-09 0.00545991
31147.5 31858.1 37.548 1.57079 56.8557 1.04866 0.0125097 -4.2114e-11 0.00538921
31178.5 31890.5 38.0732 1.57079 57.0204 1.04785 0.0213212 1.36206e-09 0.00524156
31210.8 31924.4 38.9013 1.57079 57.1865 1.04661 0.0297171 2.66048e-09 0.00502077
31240.4 31955.3 39.8821 1.57079 57.3314 1.04522 0.0364804 3.65621e-09 0.00477685
31276.2 31992.7 41.3173 1.57079 57.4968 1.04331 0.0433979 4.54534e-09 0.00445077
31307.9 32025.8 42.7739 1.5708 57.6331 1.0415 0.048346 4.98198e-09 0.0041528
31341.8 32061.1 44.4867 1.5708 57.7686 1.03954 0.0524982 5.16243e-09 0.00383918
31377 32097.6 46.3914 1.5708 57.8981 1.03753 0.05569 5.12759e-09 0.00353039
31413.4 32135.3 48.4659 1.5708 58.0213 1.03554 0.057974 4.9347e-09 0.00323464
31451.9 32175.2 50.7296 1.5708 58.1403 1.03355 0.0594492 4.62905e-09 0.00295241
31493.3 32217.9 53.2056 1.5708 58.2567 1.03158 0.0601745 4.24483e-09 0.00268402
31538.3 32264.2 55.9158 1.5708 58.3716 1.02963 0.0601816 3.80945e-09 0.00243013
31588.2 32315.6 58.904 1.5708 58.4867 1.0277 0.0594783 3.34214e-09 0.00218983
31640.6 32369.5 61.9929 1.5708 58.5959 1.0259 0.0581576 2.8883e-09 0.00197704
31696.4 32426.6 65.1859 1.5708 58.7007 1.02423 0.056301 2.45551e-09 0.0017881
31752.9 32484.4 68.3059 1.5708 58.7971 1.02275 0.0540981 2.06758e-09 0.00162848
31819.3 32552.3 71.8035 1.5708 58.8999 1.02125 0.0512445 1.67356e-09 0.0014737
31896.6 32631.2 75.6291 1.5708 59.008 1.01977 0.0477096 1.30422e-09 0.00132838
31977.3 32713.4 79.3255 1.5708 59.1101 1.01848 0.0438981 1.00372e-09 0.00120746
32062.3 32800 82.8855 1.5708 59.2083 1.01735 0.0398341 7.59254e-10 0.00110597
32160.9 32900.2 86.5817 1.5708 59.3126 1.01628 0.0351272 5.39931e-10 0.00101355
32266.7 33007.7 90.0322 1.5708 59.4156 1.01536 0.0301316 3.5702e-10 0.000937352
32398 33140.9 93.5872 1.5708 59.5339 1.01448 0.0240317 1.79193e-10 0.000867492
32547.2 33292.2 96.6635 1.5708 59.6589 1.01378 0.0172407 1.80628e-11 0.000813156
32707.3 33454.5 98.8499 1.5708 59.786 1.01331 0.0100796 -1.28438e-10 0.000777583
32879.1 33628.6 99.9288 1.5708 59.9179 1.01308 0.00249061 -2.73593e-10 0.000760882
33054 33805.7 99.6915 1.5708 60.0509 1.01313 -0.00520753 -4.24855e-10 0.000764509
33231.8 33985.9 98.0656 1.5708 60.1888 1.01347 -0.0130929 -5.9967e-10 0.00079007
33411.9 34168.5 94.9787 1.5708 60.3354 1.01416 -0.0212145 -8.19986e-10 0.000842261
33575.7 34334.8 90.8867 1.5708 60.4792 1.01514 -0.0287738 -1.06404e-09 0.00091981
33723.4 34484.8 86.1243 1.5708 60.6223 1.01641 -0.0357413 -1.33667e-09 0.00102435
33855.1 34618.7 81.002 1.5708 60.7656 1.01794 -0.0420355 -1.64313e-09 0.001158
33963.6 34729.3 76.1607 1.5708 60.899 1.01958 -0.0471856 -1.9562e-09 0.0013099
34058.1 34825.6 71.4993 1.5708 61.0307 1.02137 -0.0515075 -2.28205e-09 0.00148626
34139.2 34908.6 67.1784 1.5708 61.1589 1.02327 -0.0549342 -2.60254e-09 0.00168361
34215.5 34986.7 62.8798 1.5708 61.296 1.02542 -0.0576872 -2.92901e-09 0.00192166
34280.7 35053.7 59.0557 1.5708 61.4295 1.0276 -0.0594261 -3.20552e-09 0.00217859
34340.5 35115.2 55.4757 1.5708 61.5681 1.02993 -0.060227 -3.41557e-09 0.00246884
34396.5 35173 52.1009 1.5708 61.7155 1.03244 -0.0599485 -3.51231e-09 0.00279903
34448.5 35226.7 49.0199 1.5708 61.8701 1.03503 -0.0584206 -3.42457e-09 0.00316195
34493.7 35273.5 46.4357 1.57079 62.0209 1.03749 -0.05575 -3.09914e-09 0.00352367
34533.8 35315.1 44.2704 1.57079 62.1692 1.03978 -0.0520507 -2.50345e-09 0.00387678
34570.6 35353.4 42.4378 1.57079 62.3181 1.04191 -0.0473411 -1.70339e-09 0.00421885
34605.4 35389.8 40.8845 1.57079 62.4708 1.04387 -0.0415756 -7.06875e-10 0.00454551
34639.3 35425.2 39.588 1.57079 62.6301 1.04563 -0.0346831 5.01444e-10 0.0048481
34672.2 35459.7 38.5723 1.57079 62.7942 1.0471 -0.0268079 1.88988e-09 0.00510678
34706.8 35495.8 37.8054 1.57079 62.9743 1.04826 -0.01747 3.52334e-09 0.00531609
34738.1 35528.7 37.4002 1.57079 63.143 1.04889 -0.00828351 5.01659e-09 0.0054319
34770.8 35563 37.2911 1.5708 63.3213 1.04907 0.00162805 6.31881e-09 0.00546373
34801.8 35595.5 37.487 1.5708 63.4899 1.04876 0.010974 7.22797e-09 0.00540677
34832.4 35627.6 37.9592 1.5708 63.6535 1.04802 0.0197908 7.76616e-09 0.00527308
34861.9 35658.5 38.66 1.5708 63.8063 1.04697 0.0276261 7.9476e-09 0.00508365
34892.8 35690.8 39.6295 1.5708 63.9597 1.04557 0.0349467 7.76773e-09 0.00483796
34922.8 35722.2 40.7734 1.5708 64.1011 1.04401 0.0410757 7.41314e-09 0.00457031
34954.6 35755.4 42.1694 1.5708 64.2418 1.04223 0.0464847 6.85719e-09 0.00427272
34988.6 35790.7 43.8286 1.5708 64.3814 1.04027 0.0510733 6.14898e-09 0.00395535
35023.4 35826.9 45.6726 1.5708 64.5137 1.03827 0.0546292 5.37418e-09 0.00364239
35059.1 35864 47.6744 1.5708 64.6384 1.03628 0.0572242 4.58338e-09 0.00334294
35096.7 35902.9 49.8627 1.5708 64.7587 1.03429 0.0589896 3.79488e-09 0.00305596
35137 35944.5 52.258 1.5708 64.8759 1.03231 0.0599897 3.02638e-09 0.00278224
35180.5 35989.4 54.88 1.5708 64.9914 1.03035 0.0602616 2.29502e-09 0.00252273
35228.6 36038.9 57.7692 1.5708 65.1066 1.02841 0.0598205 1.65324e-09 0.0022767
35279 36090.6 60.7574 1.5708 65.2156 1.0266 0.0587486 1.13708e-09 0.00205826
35336.8 36149.9 64.1045 1.5708 65.3283 1.02478 0.0569791 6.89318e-10 0.00184894
35395.1 36209.7 67.3684 1.5708 65.431 1.02318 0.0547965 3.50268e-10 0.00167412
35454.7 36270.6 70.5577 1.5708 65.5261 1.02177 0.0523043 8.79631e-11 0.0015262
35524.1 36341.4 74.079 1.5708 65.6269 1.02035 0.0491923 -1.42558e-10 0.00138455
35596.2 36414.9 77.5053 1.5708 65.7223 1.0191 0.0458245 -3.22451e-10 0.00126484
35680.1 36500.4 81.1843 1.5708 65.8236 1.01788 0.0418278 -4.79941e-10 0.0011528
35769 36590.8 84.7125 1.5708 65.9217 1.01681 0.0375778 -6.06305e-10 0.00105878
35878 36701.6 88.5256 1.5708 66.032 1.01575 0.0323997 -7.25618e-10 0.00096953
35995.4 36820.8 92.0061 1.5708 66.1414 1.01486 0.0269019 -8.2822e-10 0.000897565
36140.2 36967.7 95.4188 1.5708 66.2665 1.01406 0.0202485 -9.28277e-10 0.00083451
36295.1 37124.7 98.0129 1.5708 66.3921 1.01348 0.0132728 -1.00659e-09 0.000790921
36461.7 37293.6 99.6076 1.5708 66.5215 1.01315 0.005879 -1.07748e-09 0.000765799
36639 37473.2 99.9574 1.5708 66.6565 1.01307 -0.00192864 -1.15195e-09 0.000760447
36823 37659.6 98.8561 1.5708 66.7976 1.0133 -0.0100539 -1.23919e-09 0.000777485
37005.9 37844.9 96.2719 1.5708 66.9433 1.01387 -0.0182385 -1.34249e-09 0.000819786
37179.1 38020.6 92.4296 1.5708 67.0908 1.01476 -0.0261616 -1.46184e-09 0.000889358
37337 38181 87.7163 1.5708 67.2385 1.01597 -0.0335602 -1.59431e-09 0.000987504
37473.3 38319.5 82.7 1.5708 67.381 1.01741 -0.0400567 -1.73093e-09 0.00111093
37589.6 38437.9 77.7197 1.5708 67.5182 1.01903 -0.0456028 -1.85037e-09 0.00125788
37691.1 38541.5 72.8451 1.5708 67.6544 1.02083 -0.0503238 -1.93608e-09 0.00143185
37775.6 38627.9 68.4357 1.5708 67.7831 1.02269 -0.0539994 -1.96165e-09 0.00162231
37850.9 38704.9 64.2603 1.57079 67.9131 1.0247 -0.0568844 -1.90216e-09 0.00183999
37921 38776.8 60.1939 1.57079 68.0507 1.02692 -0.0589914 -1.70939e-09 0.00209698
37981.9 38839.4 56.5657 1.57079 68.1865 1.02919 -0.0600852 -1.37318e-09 0.00237462
38039.2 38898.5 53.1133 1.57079 68.3315 1.03165 -0.0601612 -8.76289e-10 0.00269335
38090.6 38951.6 50.0421 1.57079 68.4785 1.03413 -0.0590947 -2.09077e-10 0.00303409
38137.8 39000.4 47.3012 1.57079 68.6301 1.03663 -0.0568211 6.63732e-10 0.00339591
38179.5 39043.7 44.998 1.57079 68.7789 1.03898 -0.0534803 1.7077e-09 0.00375244
38217.3 39083 43.0533 1.57079 68.9273 1.04117 -0.0491278 2.92677e-09 0.00409908
38252.6 39119.8 41.4107 1.57079 69.0778 1.04319 -0.0437663 4.31968e-09 0.00443072
38286.6 39155.4 40.0263 1.57079 69.2341 1.04502 -0.0373034 5.76834e-09 0.00474251
38320.8 39191.1 38.8804 1.5708 69.4011 1.04664 -0.0295441 7.21004e-09 0.00502617
38353.9 39225.7 38.0429 1.5708 69.5713 1.04789 -0.0209275 8.41394e-09 0.00524991
38385.8 39259.2 37.5193 1.5708 69.7412 1.04871 -0.0118139 9.33862e-09 0.00539745
38419 39294 37.2921 1.5708 69.9218 1.04907 -0.00181434 9.9585e-09 0.00546343
38450.6 39327.2 37.3868 1.5708 70.0943 1.04892 0.00778402 1.01653e-08 0.00543579
38481.3 39359.4 37.7654 1.5708 70.2597 1.04832 0.0168068 9.99438e-09 0.00532734
38512.9 39392.4 38.434 1.5708 70.4251 1.0473 0.0254417 9.47791e-09 0.00514361
38543.3 39424.3 39.3255 1.5708 70.5784 1.046 0.0329281 8.72151e-09 0.00491304
38572.9 39455.2 40.3946 1.5708 70.7199 1.04452 0.0392588 7.83195e-09 0.00465642
38608.8 39492.7 41.9234 1.5708 70.8811 1.04254 0.045654 6.63229e-09 0.00432301
38642.1 39527.4 43.5255 1.5708 71.0199 1.04062 0.0503497 5.55447e-09 0.00401062
38676.8 39563.4 45.3386 1.5708 71.1534 1.03862 0.0540801 4.47078e-09 0.00369626
38712.3 39600.3 47.314 1.5708 71.2795 1.03662 0.0568354 3.44144e-09 0.00339406
38749.6 39638.9 49.4715 1.5708 71.4005 1.03463 0.0587413 2.50415e-09 0.00310448
38789.3 39680 51.8291 1.5708 71.5182 1.03265 0.0598698 1.71147e-09 0.00282848
38832.3 39724.3 54.4153 1.5708 71.6341 1.03069 0.0602655 1.04341e-09 0.002566
38879.6 39773 57.2571 1.5708 71.7493 1.02874 0.0599459 4.85201e-10 0.00231761
38931.7 39826.6 60.3579 1.5708 71.8639 1.02683 0.0589222 2.73277e-11 0.0020856
38986.8 39883.1 63.5616 1.5708 71.9729 1.02506 0.0573008 -3.26705e-10 0.00188066
39042.3 39940 66.6896 1.5708 72.0725 1.0235 0.0552827 -5.87976e-10 0.00170838
39107.3 40006.4 70.1942 1.5708 72.1778 1.02192 0.0526043 -8.08982e-10 0.00154204
39174.1 40074.6 73.6088 1.5708 72.276 1.02053 0.0496281 -9.7141e-10 0.0014023
39243.4 40145.3 76.9384 1.5708 72.369 1.0193 0.0464042 -1.09352e-09 0.00128355
39326.8 40230.3 80.6443 1.5708 72.471 1.01805 0.0424399 -1.19957e-09 0.00116829
39426 40331.2 84.6179 1.5708 72.5814 1.01684 0.0376972 -1.28096e-09 0.00106115
39531.8 40438.8 88.3419 1.5708 72.6888 1.0158 0.0326657 -1.32138e-09 0.000973567
39645.8 40554.5 91.7601 1.5708 72.7956 1.01493 0.0273224 -1.33627e-09 0.000902384
39783.8 40694.5 95.0898 1.5708 72.9155 1.01413 0.0209738 -1.33697e-09 0.000840294
39938.3 40851.2 97.7909 1.5708 73.0416 1.01353 0.0139984 -1.3323e-09 0.000794515
40103.6 41018.6 99.4965 1.5708 73.1704 1.01317 0.00665662 -1.33068e-09 0.000767508
40280.3 41197.6 99.9847 1.5708 73.305 1.01307 -0.00112485 -1.33847e-09 0.000760032
40460.1 41379.7 99.0702 1.5708 73.4425 1.01326 -0.00905723 -1.35099e-09 0.000774128
40642.7 41564.9 96.6731 1.5708 73.5871 1.01378 -0.0172149 -1.37715e-09 0.000812994
40816.9 41741.5 92.9847 1.5708 73.734 1.01463 -0.0251603 -1.41194e-09 0.000878771
40976.8 41903.9 88.3665 1.5708 73.8815 1.01579 -0.0326302 -1.45527e-09 0.000973026
41120.2 42049.6 83.2018 1.5708 74.0293 1.01726 -0.0394522 -1.48061e-09 0.00109757
41238.9 42170.4 78.1822 1.57079 74.1678 1.01887 -0.045119 -1.46509e-09 0.00124303
41339 42272.5 73.4295 1.57079 74.3002 1.0206 -0.0497928 -1.38692e-09 0.00140915
41429.4 42364.9 68.7441 1.57079 74.4362 1.02255 -0.0537615 -1.21138e-09 0.00160779
41506.5 42443.8 64.4802 1.57079 74.5683 1.02458 -0.0567486 -9.55773e-10 0.00182745
41574.4 42513.4 60.5542 1.57079 74.7003 1.02671 -0.0588378 -6.06528e-10 0.0020721
41636.9 42577.6 56.8359 1.57079 74.8382 1.02901 -0.0600348 -1.2262e-10 0.00235209
41693.7 42636.1 53.4161 1.57079 74.9804 1.03142 -0.0602012 5.21497e-10 0.0026629
41746.6 42690.8 50.2524 1.57079 75.1301 1.03395 -0.0592108 1.37514e-09 0.00300875
41794.2 42740.1 47.4772 1.57079 75.2819 1.03647 -0.0570151 2.43335e-09 0.00337077
41836.2 42783.7 45.1454 1.57079 75.4309 1.03883 -0.0537449 3.65447e-09 0.00372796
41874.4 42823.4 43.1736 1.57079 75.5797 1.04103 -0.0494503 4.93201e-09 0.00407627
41909.9 42860.4 41.5052 1.5708 75.7306 1.04307 -0.0441311 6.20575e-09 0.00441056
41944.1 42896.1 40.1029 1.5708 75.8867 1.04492 -0.0377265 7.41993e-09 0.00472442
41977.4 42930.9 38.9683 1.5708 76.0487 1.04652 -0.0302588 8.46606e-09 0.00500354
42012.3 42967.5 38.0654 1.5708 76.228 1.04786 -0.0212202 9.35336e-09 0.0052437
42044.1 43000.8 37.5331 1.5708 76.3973 1.04868 -0.0121515 9.87045e-09 0.0053935
42077.3 43035.6 37.2946 1.5708 76.5775 1.04906 -0.00218666 1.0032e-08 0.0054627
42109 43068.9 37.3787 1.5708 76.7509 1.04893 0.00746419 9.79589e-09 0.00543814
42139.5 43100.8 37.7429 1.5708 76.9148 1.04836 0.0164194 9.22237e-09 0.00533369
42171 43133.9 38.4006 1.5708 77.0806 1.04735 0.0250962 8.3294e-09 0.00515256
42201.5 43165.8 39.283 1.5708 77.2344 1.04606 0.0326283 7.29501e-09 0.00492368
42233.6 43199.4 40.4426 1.5708 77.3879 1.04446 0.0394989 6.1155e-09 0.00464538
42264.9 43232 41.769 1.5708 77.5287 1.04273 0.0451082 4.92742e-09 0.00435504
42300.1 43268.7 43.4516 1.5708 77.6764 1.04071 0.0501661 3.63097e-09 0.00402427
42335 43304.9 45.2692 1.5708 77.811 1.03869 0.0539611 2.4901e-09 0.0037076
42370.4 43341.7 47.2319 1.5708 77.9369 1.0367 0.0567422 1.55334e-09 0.00340588
42407.5 43380.1 49.3766 1.5708 78.0578 1.03472 0.0586768 7.75773e-10 0.00311642
42447 43421 51.7214 1.5708 78.1755 1.03274 0.0598358 1.34929e-10 0.00284026
42489.8 43465.2 54.2951 1.5708 78.2913 1.03077 0.0602629 -3.88916e-10 0.00257737
42536.6 43513.4 57.1114 1.5708 78.406 1.02883 0.0599779 -8.08979e-10 0.00232945
42588.8 43567 60.2169 1.5708 78.5212 1.02691 0.0589813 -1.14123e-09 0.00209538
42640.8 43620.4 63.2482 1.5708 78.625 1.02522 0.0574806 -1.372e-09 0.00189934
42701 43682 66.6446 1.5708 78.7334 1.02352 0.0553141 -1.55348e-09 0.00171068
42771.4 43754 70.4363 1.5708 78.8473 1.02182 0.0524043 -1.6893e-09 0.00153146
42838.2 43822.2 73.8366 1.5708 78.9448 1.02044 0.0494172 -1.77002e-09 0.00139366
42917.8 43903.4 77.6266 1.5708 79.0503 1.01906 0.0456983 -1.81902e-09 0.00126089
42994.9 43981.9 81.0083 1.5708 79.1434 1.01794 0.0420276 -1.82083e-09 0.00115782
43088.2 44076.8 84.7204 1.5708 79.2466 1.01681 0.0375667 -1.79126e-09 0.00105858
43196.7 44187.1 88.5171 1.5708 79.3564 1.01575 0.0324108 -1.73884e-09 0.000969716
43313.6 44305.8 91.9853 1.5708 79.4654 1.01487 0.0269362 -1.67683e-09 0.000897972
43457.6 44451.9 95.386 1.5708 79.5899 1.01407 0.0203198 -1.60119e-09 0.000835082
43612.3 44608.6 97.9879 1.5708 79.7153 1.01349 0.0133532 -1.52963e-09 0.000791324
43779 44777.6 99.5965 1.5708 79.8449 1.01315 0.0059537 -1.46924e-09 0.000765968
43956.5 44957.3 99.9594 1.5708 79.98 1.01307 -0.0018592 -1.42228e-09 0.000760417
44137 45140.3 98.905 1.5708 80.1184 1.01329 -0.00983124 -1.38907e-09 0.000776717
44320.1 45325.9 96.3564 1.5708 80.2641 1.01385 -0.0180253 -1.36442e-09 0.000818348
44493.6 45501.9 92.5442 1.5708 80.4115 1.01473 -0.0259564 -1.34949e-09 0.000887158
44650.6 45661.2 87.8952 1.57079 80.5578 1.01592 -0.0333056 -1.31905e-09 0.000983488
44786.1 45799 82.9441 1.57079 80.6989 1.01733 -0.0397629 -1.2525e-09 0.0011044
44901.8 45916.8 78.0242 1.57079 80.8345 1.01892 -0.0452844 -1.12643e-09 0.00124807
45003 46020 73.2029 1.57079 80.9689 1.02069 -0.0499993 -9.24459e-10 0.00141789
45090.3 46109.2 68.6665 1.57079 81.1008 1.02259 -0.0538212 -6.5447e-10 0.00161142
45168.2 46188.9 64.3563 1.57079 81.2346 1.02465 -0.0568248 -2.87726e-10 0.0018345
45240.7 46263.3 60.1497 1.57079 81.377 1.02695 -0.059009 2.27709e-10 0.00210006
45302.2 46326.5 56.4822 1.57079 81.5145 1.02925 -0.0600988 8.68678e-10 0.00238164
45358.1 46384.1 53.1193 1.57079 81.6559 1.03165 -0.0601615 1.69184e-09 0.00269274
45410 46437.7 50.0168 1.57079 81.8045 1.03416 -0.0590797 2.74443e-09 0.00303716
45457.2 46486.5 47.2799 1.57079 81.956 1.03666 -0.0567965 3.92768e-09 0.00339896
45498.8 46529.7 44.9804 1.5708 82.1048 1.039 -0.0534478 5.13555e-09 0.00375536
45536.5 46569 43.0427 1.5708 82.2529 1.04118 -0.0490983 6.32883e-09 0.0041011
45571.8 46605.8 41.3992 1.5708 82.4036 1.0432 -0.0437209 7.44785e-09 0.00443317
45605.9 46641.4 40.0149 1.5708 82.5602 1.04504 -0.0372388 8.44052e-09 0.00474522
45639.1 46676.1 38.9003 1.5708 82.7225 1.04661 -0.029707 9.2507e-09 0.00502105
45671.3 46709.8 38.077 1.5708 82.8875 1.04784 -0.021368 9.78835e-09 0.00524052
45702.3 46742.2 37.55 1.5708 83.0523 1.04866 -0.0125526 9.99043e-09 0.00538865
45734.5 46776.1 37.3002 1.5708 83.2277 1.04905 -0.00286142 9.81609e-09 0.00546105
45766.3 46809.4 37.3629 1.5708 83.4012 1.04895 0.00679551 9.25428e-09 0.00544273
45796.8 46841.4 37.7085 1.5708 83.5658 1.04841 0.0158054 8.38323e-09 0.00534343
45828.3 46874.4 38.3455 1.5708 83.7315 1.04744 0.0245121 7.23638e-09 0.00516738
45858.7 46906.2 39.2082 1.5708 83.8853 1.04617 0.0320896 6.01296e-09 0.00494249
45890.7 46939.7 40.3476 1.5708 84.039 1.04458 0.0390196 4.65015e-09 0.00466728
45920.1 46970.4 41.5773 1.5708 84.1723 1.04297 0.0444038 3.40494e-09 0.00439528
45955.7 47007.4 43.2542 1.5708 84.3227 1.04094 0.0496617 2.10009e-09 0.0040611
45990.4 47043.5 45.0483 1.5708 84.4581 1.03893 0.053571 1.0682e-09 0.00374406
46025.7 47080.2 46.9969 1.5708 84.585 1.03693 0.0564665 2.33462e-10 0.00344002
46062.7 47118.5 49.1228 1.5708 84.7066 1.03494 0.0584966 -4.41987e-10 0.00314871
46101.8 47159 51.4414 1.5708 84.8244 1.03296 0.0597404 -9.82346e-10 0.00287126
46144.5 47203 54.0015 1.5708 84.941 1.03099 0.060251 -1.41168e-09 0.00260548
46190.6 47250.5 56.7812 1.5708 85.0554 1.02905 0.0600451 -1.73859e-09 0.00235662
46238.8 47300.1 59.6576 1.5708 85.1635 1.02724 0.0592052 -1.97026e-09 0.00213485
46289.7 47352.3 62.6334 1.5708 85.2669 1.02555 0.057821 -2.13024e-09 0.00193681
46348.3 47412.4 65.9688 1.5708 85.3747 1.02384 0.0557809 -2.22828e-09 0.00174591
46416.8 47482.4 69.6952 1.5708 85.4878 1.02214 0.0530096 -2.24351e-09 0.00156421
46487.1 47554.2 73.3141 1.5708 85.5923 1.02065 0.049898 -2.19859e-09 0.00141359
46560.1 47628.6 76.8307 1.5708 85.6907 1.01934 0.046513 -2.11835e-09 0.00128715
46647.8 47718 80.7289 1.5708 85.798 1.01802 0.0423442 -2.00402e-09 0.00116585
46740.6 47812.4 84.4515 1.5708 85.9014 1.01689 0.0379069 -1.87998e-09 0.00106533
46854.3 47928 88.4545 1.5708 86.0169 1.01577 0.032502 -1.73662e-09 0.000971091
46976.8 48052.3 92.0831 1.5708 86.131 1.01485 0.026767 -1.59895e-09 0.000896065
47121.1 48198.8 95.4672 1.5708 86.2556 1.01405 0.0201374 -1.45928e-09 0.000833664
47276.5 48356.3 98.0506 1.5708 86.3814 1.01348 0.0131418 -1.33251e-09 0.000790312
47443.5 48525.5 99.6256 1.5708 86.5111 1.01314 0.0057342 -1.21625e-09 0.000765522
47620.7 48705 99.95 1.5708 86.646 1.01308 -0.00206965 -1.10685e-09 0.00076056
47801.1 48887.8 98.8595 1.57079 86.7843 1.0133 -0.0100345 -9.9929e-10 0.000777433
47983.6 49072.7 96.285 1.57079 86.9296 1.01386 -0.0182035 -8.78699e-10 0.000819563
48156.7 49248.3 92.4521 1.57079 87.077 1.01476 -0.0261201 -7.29539e-10 0.000888926
48314.5 49408.5 87.7492 1.57079 87.2245 1.01596 -0.0335124 -5.38632e-10 0.000986763
48455.7 49552.1 82.54 1.57079 87.3724 1.01746 -0.0402463 -3.01314e-10 0.00111525
48572.5 49671.1 77.5131 1.57079 87.5109 1.0191 -0.0458155 -1.51917e-11 0.00126459
48670.9 49771.4 72.7808 1.57079 87.6433 1.02086 -0.0503807 3.36522e-10 0.00143439
48755.7 49858.1 68.3489 1.57079 87.7727 1.02273 -0.0540648 7.73977e-10 0.00162644
48831.2 49935.4 64.1533 1.57079 87.9035 1.02475 -0.0569488 1.32857e-09 0.00184613
48897.7 50003.5 60.3013 1.57079 88.0339 1.02686 -0.0589457 2.00859e-09 0.00208952
48958.8 50066.3 56.6617 1.57079 88.1698 1.02913 -0.0600673 2.80929e-09 0.00236657
49014.2 50123.5 53.3198 1.5708 88.3093 1.0315 -0.0601891 3.70371e-09 0.00267253
49068.3 50179.3 50.091 1.5708 88.463 1.03409 -0.0591217 4.73888e-09 0.00302817
49115.8 50228.4 47.3322 1.5708 88.6152 1.03661 -0.0568552 5.77535e-09 0.00339145
49157.6 50271.9 45.0175 1.5708 88.7646 1.03896 -0.0535151 6.73715e-09 0.00374919
49195.5 50311.2 43.0699 1.5708 88.913 1.04115 -0.0491721 7.59828e-09 0.00409592
49230.9 50348.2 41.4178 1.5708 89.0641 1.04318 -0.0437932 8.31924e-09 0.00442919
49265.1 50383.8 40.0292 1.5708 89.2207 1.04502 -0.0373188 8.84344e-09 0.00474181
49298.3 50418.6 38.9105 1.5708 89.3831 1.0466 -0.0297904 9.09614e-09 0.00501841
49330.5 50452.3 38.0835 1.5708 89.5483 1.04783 -0.0214501 9.00987e-09 0.00523874
49361.5 50484.8 37.5533 1.5708 89.7133 1.04865 -0.0126287 8.55559e-09 0.0053877
49393.8 50518.7 37.3009 1.5708 89.8889 1.04905 -0.00292689 7.67685e-09 0.00546085
49425.7 50552.1 37.3619 1.5708 90.0626 1.04896 0.00674685 6.50188e-09 0.00544304
49456.2 50584.2 37.707 1.5708 90.2276 1.04841 0.0157765 5.11929e-09 0.00534386
49487.7 50617.1 38.3419 1.5708 90.3931 1.04744 0.0244733 3.52088e-09 0.00516834
49518 50648.9 39.2021 1.5708 90.5467 1.04618 0.0320445 1.97694e-09 0.00494404
49547.5 50679.7 40.242 1.5708 90.6885 1.04473 0.0384719 6.56904e-10 0.00469181
49578.6 50712.1 41.5309 1.5708 90.83 1.04303 0.0442282 -5.25118e-10 0.00440511
49611.6 50746.6 43.0794 1.5708 90.9706 1.04114 0.0491977 -1.54234e-09 0.00409412
49646.5 50782.8 44.8657 1.5708 91.1075 1.03913 0.0532352 -2.36873e-09 0.0037746
49681.6 50819.3 46.7919 1.5708 91.2348 1.03713 0.0562144 -2.98658e-09 0.00347023
49718.3 50857.3 48.8969 1.5708 91.3567 1.03514 0.0583261 -3.44107e-09 0.00317788
49757.4 50897.8 51.2054 1.5708 91.4753 1.03316 0.0596516 -3.69988e-09 0.0028978
49799.4 50941.1 53.7241 1.5708 91.5913 1.03119 0.0602317 -3.78736e-09 0.00263246
49845.2 50988.3 56.4872 1.5708 91.7062 1.02925 0.0600979 -3.74274e-09 0.00238122
49896.1 51040.7 59.5264 1.5708 91.8211 1.02732 0.059255 -3.59711e-09 0.00214427
49949.8 51095.7 62.6674 1.5708 91.9303 1.02553 0.0578026 -3.38956e-09 0.00193471
50006.9 51154.2 65.9133 1.5708 92.0353 1.02387 0.0558185 -3.1453e-09 0.00174885
