3.036107499999999959e+00 9.999962499999999466e+01 1.570592500000000058e+00 1.821670000000000060e-03 1.012040000000000051e+00 -1.913792500000000159e-04 -6.746945000000000503e-05 6.072262500000000750e-04
4.051529740802675583e+00 9.999934908026756375e+01 1.570524774247491484e+00 2.430930869565217558e-03 1.012040000000000051e+00 -2.553858553511705433e-04 -6.746970083612040714e-05 6.072295108695652211e-04
5.066951981605351207e+00 9.999907316053511863e+01 1.570457048494983132e+00 3.040191739130435056e-03 1.012040000000000051e+00 -3.193924607023411249e-04 -6.746995167224080926e-05 6.072327717391304757e-04
6.082374197324414311e+00 9.999879360367893355e+01 1.570389322742474780e+00 3.649452934782608602e-03 1.012040000000000051e+00 -3.833990923913043304e-04 -6.747020614548494887e-05 6.072360777591973404e-04
7.097793929765885856e+00 9.999815397157190944e+01 1.570321596989966428e+00 4.258746413043478646e-03 1.012040000000000051e+00 -4.474083315217390936e-04 -6.747082069397994082e-05 6.072438536789297788e-04
8.113213662207357402e+00 9.999751433946488532e+01 1.570253871237458076e+00 4.868039891304348256e-03 1.012040000000000051e+00 -5.114175706521738567e-04 -6.747143524247491923e-05 6.072516295986622173e-04
9.128633394648829835e+00 9.999687470735786121e+01 1.570186145484949725e+00 5.477333369565217866e-03 1.012040000000000051e+00 -5.754268097826086741e-04 -6.747204979096989763e-05 6.072594055183946557e-04
1.014405312709030049e+01 9.999623507525083710e+01 1.570118419732441373e+00 6.086626847826086609e-03 1.012040000000000051e+00 -6.394360489130434914e-04 -6.747266433946487603e-05 6.072671814381270941e-04
1.115947285953177115e+01 9.999559544314381299e+01 1.570050693979933021e+00 6.695920326086957086e-03 1.012040000000000051e+00 -7.034452880434782004e-04 -6.747327888795986799e-05 6.072749573578595326e-04
1.217489259197324358e+01 9.999495581103678887e+01 1.569982968227424669e+00 7.305213804347826696e-03 1.012040000000000051e+00 -7.674545271739130177e-04 -6.747389343645484640e-05 6.072827332775919710e-04
1.319031232441471602e+01 9.999431617892976476e+01 1.569915242474916317e+00 7.914507282608696306e-03 1.012040000000000051e+00 -8.314637663043478351e-04 -6.747450798494982480e-05 6.072905091973244095e-04
1.420573259116300946e+01 9.999365652391847448e+01 1.569847521457034434e+00 8.523804430520032227e-03 1.012040000000000051e+00 -8.954732777047081163e-04 -6.747514144448892059e-05 6.072985322772598508e-04
1.522116689560868252e+01 9.999247081260416792e+01 1.569779924830704498e+00 9.133197990157266091e-03 1.012040000000000051e+00 -9.594899423785671101e-04 -6.747627174873247358e-05 6.073130489297995068e-04
1.623660120005435559e+01 9.999128510128986136e+01 1.569712328204374563e+00 9.742591549794499955e-03 1.012040000000000051e+00 -1.023506607052426104e-03 -6.747740205297602658e-05 6.073275655823392712e-04
1.725203550450003220e+01 9.999009938997554059e+01 1.569644731578044627e+00 1.035198510943173555e-02 1.012040000000000051e+00 -1.087523271726285098e-03 -6.747853235721957958e-05 6.073420822348789272e-04
1.826746980894570527e+01 9.998891367866123403e+01 1.569577134951714692e+00 1.096137866906896942e-02 1.012040000000000051e+00 -1.151539936400144092e-03 -6.747966266146313257e-05 6.073565988874186916e-04
1.928290411339138188e+01 9.998772796734691326e+01 1.569509538325384757e+00 1.157077222870620328e-02 1.012040000000000051e+00 -1.215556601074003302e-03 -6.748079296570667202e-05 6.073711155399583476e-04
2.029833841783705495e+01 9.998654225603260670e+01 1.569441941699054821e+00 1.218016578834343715e-02 1.012040000000000051e+00 -1.279573265747862079e-03 -6.748192326995022501e-05 6.073856321924981120e-04
2.131377272228273512e+01 9.998535654471830014e+01 1.569374345072724886e+00 1.278955934798067101e-02 1.012040000000000051e+00 -1.343589930421721290e-03 -6.748305357419377801e-05 6.074001488450377680e-04
2.232920702672840463e+01 9.998417083340397937e+01 1.569306748446394950e+00 1.339895290761790661e-02 1.012040000000000051e+00 -1.407606595095580284e-03 -6.748418387843733101e-05 6.074146654975775324e-04
2.334464104954947317e+01 9.998297787821394422e+01 1.569239148105133097e+00 1.400834836707490552e-02 1.012040000000000051e+00 -1.471623405560572133e-03 -6.748532129737167852e-05 6.074292720567478314e-04
2.436005290961431058e+01 9.998121485831197219e+01 1.569171255413255750e+00 1.461789333492333545e-02 1.012040000000000051e+00 -1.535651689217990695e-03 -6.748701861466860320e-05 6.074509539164118371e-04
2.537546476967915510e+01 9.997945183841000016e+01 1.569103362721378403e+00 1.522743830277176538e-02 1.012040000000000051e+00 -1.599679972875409474e-03 -6.748871593196554143e-05 6.074726357760759513e-04
2.639087662974399251e+01 9.997768881850801392e+01 1.569035470029501056e+00 1.583698327062019531e-02 1.012040000000000051e+00 -1.663708256532828037e-03 -6.749041324926246610e-05 6.074943176357399570e-04
2.740628848980882992e+01 9.997592579860604189e+01 1.568967577337623709e+00 1.644652823846862524e-02 1.012040000000000051e+00 -1.727736540190246816e-03 -6.749211056655940433e-05 6.075159994954040712e-04
2.842170034987367089e+01 9.997416277870405565e+01 1.568899684645746362e+00 1.705607320631705517e-02 1.012040000000000051e+00 -1.791764823847665595e-03 -6.749380788385634256e-05 6.075376813550680769e-04
2.943711220993851185e+01 9.997239975880208362e+01 1.568831791953869015e+00 1.766561817416548510e-02 1.012040000000000051e+00 -1.855793107505084158e-03 -6.749550520115326724e-05 6.075593632147320827e-04
3.045252407000334927e+01 9.997063673890011160e+01 1.568763899261991668e+00 1.827516314201391850e-02 1.012040000000000051e+00 -1.919821391162502937e-03 -6.749720251845020547e-05 6.075810450743961968e-04
3.146793593006819023e+01 9.996887371899812536e+01 1.568696006570114321e+00 1.888470810986234844e-02 1.012040000000000051e+00 -1.983849674819921499e-03 -6.749889983574714370e-05 6.076027269340602026e-04
3.248334779013303120e+01 9.996711069909615333e+01 1.568628113878236974e+00 1.949425307771077837e-02 1.012040000000000051e+00 -2.047877958477340495e-03 -6.750059715304406838e-05 6.076244087937243167e-04
3.349877227545566427e+01 9.996481620377670652e+01 1.568561006682263059e+00 2.010401531181529172e-02 1.012040951505124742e+00 -2.111922854230801564e-03 -6.750279816076205724e-05 6.076524051868318699e-04
3.451419847442562627e+01 9.996244957041101031e+01 1.568494006102960192e+00 2.071380703583169253e-02 1.012042032159629734e+00 -2.175970004771809845e-03 -6.750506753522231296e-05 6.076812586621122350e-04
3.552962467339558827e+01 9.996008293704531411e+01 1.568427005523657325e+00 2.132359875984809333e-02 1.012043112814134505e+00 -2.240017155312817691e-03 -6.750733690968256867e-05 6.077101121373927085e-04
3.654505087236555738e+01 9.995771630367961791e+01 1.568360004944354458e+00 2.193339048386449414e-02 1.012044193468639497e+00 -2.304064305853825972e-03 -6.750960628414282439e-05 6.077389656126730736e-04
3.756047707133551228e+01 9.995534967031392171e+01 1.568293004365051813e+00 2.254318220788089494e-02 1.012045274123144267e+00 -2.368111456394833819e-03 -6.751187565860308011e-05 6.077678190879535472e-04
3.857590327030548139e+01 9.995298303694822550e+01 1.568226003785748945e+00 2.315297393189729575e-02 1.012046354777649260e+00 -2.432158606935842099e-03 -6.751414503306333583e-05 6.077966725632339123e-04
3.959132946927544339e+01 9.995061640358251509e+01 1.568159003206446078e+00 2.376276565591369655e-02 1.012047435432154030e+00 -2.496205757476850379e-03 -6.751641440752360510e-05 6.078255260385143858e-04
4.060675566824541249e+01 9.994824977021681889e+01 1.568092002627143211e+00 2.437255737993010082e-02 1.012048516086658800e+00 -2.560252908017858660e-03 -6.751868378198386082e-05 6.078543795137947509e-04
4.162218186721536739e+01 9.994588313685112269e+01 1.568025002047840344e+00 2.498234910394649816e-02 1.012049596741163793e+00 -2.624300058558866507e-03 -6.752095315644411654e-05 6.078832329890752244e-04
4.263761826795941801e+01 9.994296441505323969e+01 1.567957323843046424e+00 2.559244432913678619e-02 1.012050338699658214e+00 -2.688370118181373364e-03 -6.752375768402532705e-05 6.079189960347871355e-04
4.365306074189781071e+01 9.993971703077804136e+01 1.567889242242601400e+00 2.620272023090325364e-02 1.012050879029820605e+00 -2.752453815755771718e-03 -6.752688079236320213e-05 6.079588724007620052e-04
4.466850321583619632e+01 9.993646964650285724e+01 1.567821160642156597e+00 2.681299613266971416e-02 1.012051419359982773e+00 -2.816537513330170071e-03 -6.753000390070107721e-05 6.079987487667368748e-04
4.568394568977458903e+01 9.993322226222765892e+01 1.567753079041711572e+00 2.742327203443617814e-02 1.012051959690145164e+00 -2.880621210904568425e-03 -6.753312700903893874e-05 6.080386251327118529e-04
4.669938816371298174e+01 9.992997487795247480e+01 1.567684997441266548e+00 2.803354793620264213e-02 1.012052500020307333e+00 -2.944704908478967213e-03 -6.753625011737681382e-05 6.080785014986867226e-04
4.771483063765137445e+01 9.992672749367727647e+01 1.567616915840821523e+00 2.864382383796910611e-02 1.012053040350469502e+00 -3.008788606053365566e-03 -6.753937322571468890e-05 6.081183778646617006e-04
4.873027311158976005e+01 9.992348010940207814e+01 1.567548834240376721e+00 2.925409973973556663e-02 1.012053580680631892e+00 -3.072872303627763920e-03 -6.754249633405256398e-05 6.081582542306365703e-04
4.974571558552815276e+01 9.992023272512689402e+01 1.567480752639931696e+00 2.986437564150203061e-02 1.012054121010794061e+00 -3.136956001202162274e-03 -6.754561944239043905e-05 6.081981305966114399e-04
5.076115805946653836e+01 9.991698534085169570e+01 1.567412671039486671e+00 3.047465154326849807e-02 1.012054661340956452e+00 -3.201039698776561061e-03 -6.754874255072831413e-05 6.082380069625864180e-04
5.177660053340493107e+01 9.991373795657651158e+01 1.567344589439041647e+00 3.108492744503495858e-02 1.012055201671118621e+00 -3.265123396350958981e-03 -6.755186565906617566e-05 6.082778833285612877e-04
5.279204300734332378e+01 9.991049057230131325e+01 1.567276507838596622e+00 3.169520334680141910e-02 1.012055742001281011e+00 -3.329207093925357769e-03 -6.755498876740405074e-05 6.083177596945362657e-04
5.380748548128171649e+01 9.990724318802612913e+01 1.567208426238151819e+00 3.230547924856788655e-02 1.012056282331443180e+00 -3.393290791499756556e-03 -6.755811187574192582e-05 6.083576360605111354e-04
5.482292795522010920e+01 9.990399580375093080e+01 1.567140344637706795e+00 3.291575515033435401e-02 1.012056822661605349e+00 -3.457374489074154910e-03 -6.756123498407980090e-05 6.083975124264860051e-04
5.583837042915848770e+01 9.990074841947573248e+01 1.567072263037261770e+00 3.352603105210081452e-02 1.012057362991767739e+00 -3.521458186648553264e-03 -6.756435809241767597e-05 6.084373887924609831e-04
5.685381290309688040e+01 9.989750103520054836e+01 1.567004181436816745e+00 3.413630695386727504e-02 1.012057903321929908e+00 -3.585541884222951618e-03 -6.756748120075555105e-05 6.084772651584358528e-04
5.786925537703527311e+01 9.989425365092535003e+01 1.566936099836371943e+00 3.474658285563374249e-02 1.012058443652092299e+00 -3.649625581797349971e-03 -6.757060430909341258e-05 6.085171415244108309e-04
5.888469785097366582e+01 9.989100626665016591e+01 1.566868018235926918e+00 3.535685875740020301e-02 1.012058983982254468e+00 -3.713709279371748759e-03 -6.757372741743128766e-05 6.085570178903857005e-04
5.990014032491205853e+01 9.988775888237496758e+01 1.566799936635481894e+00 3.596713465916666352e-02 1.012059524312416858e+00 -3.777792976946147113e-03 -6.757685052576916274e-05 6.085968942563606786e-04
6.091558407544335552e+01 9.988436108612080488e+01 1.566731916291812077e+00 3.657752182676849567e-02 1.012060117155191064e+00 -3.841885012303782303e-03 -6.758011899749671164e-05 6.086386251260584440e-04
6.193103722008305567e+01 9.987985644803281104e+01 1.566664346720492151e+00 3.718872777012270647e-02 1.012061096424340612e+00 -3.906038403195400809e-03 -6.758445715982927483e-05 6.086940027964663023e-04
6.294649036472275583e+01 9.987535180994481721e+01 1.566596777149172226e+00 3.779993371347691034e-02 1.012062075693490160e+00 -3.970191794087018881e-03 -6.758879532216183802e-05 6.087493804668740521e-04
6.396194350936245598e+01 9.987084717185682337e+01 1.566529207577852301e+00 3.841113965683112114e-02 1.012063054962639708e+00 -4.034345184978638255e-03 -6.759313348449440121e-05 6.088047581372819103e-04
6.497739665400216325e+01 9.986634253376882953e+01 1.566461638006532597e+00 3.902234560018533194e-02 1.012064034231789478e+00 -4.098498575870256760e-03 -6.759747164682697795e-05 6.088601358076896602e-04
6.599284979864187051e+01 9.986183789568083569e+01 1.566394068435212672e+00 3.963355154353954274e-02 1.012065013500939026e+00 -4.162651966761875266e-03 -6.760180980915954114e-05 6.089155134780975184e-04
6.700830294328156356e+01 9.985733325759285606e+01 1.566326498863892747e+00 4.024475748689374660e-02 1.012065992770088574e+00 -4.226805357653493772e-03 -6.760614797149210433e-05 6.089708911485052683e-04
6.802375608792127082e+01 9.985282861950486222e+01 1.566258929292572821e+00 4.085596343024795740e-02 1.012066972039238122e+00 -4.290958748545112278e-03 -6.761048613382466752e-05 6.090262688189131265e-04
6.903920923256097808e+01 9.984832398141686838e+01 1.566191359721253118e+00 4.146716937360216820e-02 1.012067951308387670e+00 -4.355112139436730784e-03 -6.761482429615723070e-05 6.090816464893209848e-04
7.005466237720068534e+01 9.984381934332887454e+01 1.566123790149933193e+00 4.207837531695637900e-02 1.012068930577537218e+00 -4.419265530328349290e-03 -6.761916245848980744e-05 6.091370241597287346e-04
7.107011552184037839e+01 9.983931470524088070e+01 1.566056220578613267e+00 4.268958126031058287e-02 1.012069909846686766e+00 -4.483418921219967795e-03 -6.762350062082237063e-05 6.091924018301365928e-04
7.208556866648007144e+01 9.983481006715290107e+01 1.565988651007293342e+00 4.330078720366478673e-02 1.012070889115836314e+00 -4.547572312111586301e-03 -6.762783878315493382e-05 6.092477795005443427e-04
7.310102181111977870e+01 9.983030542906490723e+01 1.565921081435973639e+00 4.391199314701899753e-02 1.012071868384985862e+00 -4.611725703003204807e-03 -6.763217694548749701e-05 6.093031571709522009e-04
7.411647495575948597e+01 9.982580079097691339e+01 1.565853511864653713e+00 4.452319909037320833e-02 1.012072847654135410e+00 -4.675879093894823313e-03 -6.763651510782006020e-05 6.093585348413599508e-04
7.513192810039919323e+01 9.982129615288891955e+01 1.565785942293333788e+00 4.513440503372741913e-02 1.012073826923284958e+00 -4.740032484786441819e-03 -6.764085327015263694e-05 6.094139125117678090e-04
7.614738124503888628e+01 9.981679151480092571e+01 1.565718372722013862e+00 4.574561097708162993e-02 1.012074806192434728e+00 -4.804185875678060325e-03 -6.764519143248520013e-05 6.094692901821755588e-04
7.716283438967859354e+01 9.981228687671293187e+01 1.565650803150694159e+00 4.635681692043583380e-02 1.012075785461584276e+00 -4.868339266569679698e-03 -6.764952959481776332e-05 6.095246678525834171e-04
7.817828753431830080e+01 9.980778223862495224e+01 1.565583233579374234e+00 4.696802286379004460e-02 1.012076764730733824e+00 -4.932492657461298204e-03 -6.765386775715032650e-05 6.095800455229911669e-04
7.919374067895799385e+01 9.980327760053695840e+01 1.565515664008054308e+00 4.757922880714424846e-02 1.012077743999883372e+00 -4.996646048352915842e-03 -6.765820591948288969e-05 6.096354231933990252e-04
8.020919382359770111e+01 9.979877296244896456e+01 1.565448094436734605e+00 4.819043475049845926e-02 1.012078723269032920e+00 -5.060799439244534348e-03 -6.766254408181546643e-05 6.096908008638067750e-04
8.122464696823739416e+01 9.979426832436097072e+01 1.565380524865414680e+00 4.880164069385267006e-02 1.012079702538182469e+00 -5.124952830136152854e-03 -6.766688224414802962e-05 6.097461785342146333e-04
8.224011097074790655e+01 9.978879980046157527e+01 1.565312416674535356e+00 4.941381344678588000e-02 1.012080926947898751e+00 -5.189179758294277557e-03 -6.767215188787464484e-05 6.098135495587404852e-04
8.325557971037669347e+01 9.978291074833964558e+01 1.565244073492412014e+00 5.002640800353544415e-02 1.012082258308589555e+00 -5.253438769605415018e-03 -6.767782792228604948e-05 6.098861530950741832e-04
8.427104845000549460e+01 9.977702169621773010e+01 1.565175730310288671e+00 5.063900256028501523e-02 1.012083589669280137e+00 -5.317697780916551611e-03 -6.768350395669746767e-05 6.099587566314077728e-04
8.528651718963428152e+01 9.977113264409580040e+01 1.565107387128165328e+00 5.125159711703457938e-02 1.012084921029970941e+00 -5.381956792227688205e-03 -6.768917999110888586e-05 6.100313601677414708e-04
8.630198592926306844e+01 9.976524359197387071e+01 1.565039043946041986e+00 5.186419167378414352e-02 1.012086252390661523e+00 -5.446215803538824798e-03 -6.769485602552029050e-05 6.101039637040750604e-04
8.731745466889185536e+01 9.975935453985194101e+01 1.564970700763918643e+00 5.247678623053371461e-02 1.012087583751352327e+00 -5.510474814849961392e-03 -6.770053205993170869e-05 6.101765672404086500e-04
8.833292340852065649e+01 9.975346548773001132e+01 1.564902357581795300e+00 5.308938078728327875e-02 1.012088915112043130e+00 -5.574733826161098853e-03 -6.770620809434312688e-05 6.102491707767423480e-04
8.934839214814944341e+01 9.974757643560808162e+01 1.564834014399671736e+00 5.370197534403284984e-02 1.012090246472733712e+00 -5.638992837472235446e-03 -6.771188412875453152e-05 6.103217743130759376e-04
9.036386088777824455e+01 9.974168738348615193e+01 1.564765671217548393e+00 5.431456990078241398e-02 1.012091577833424516e+00 -5.703251848783372907e-03 -6.771756016316594971e-05 6.103943778494096356e-04
9.137932962740703147e+01 9.973579833136422224e+01 1.564697328035425050e+00 5.492716445753198506e-02 1.012092909194115098e+00 -5.767510860094509501e-03 -6.772323619757736790e-05 6.104669813857432252e-04
9.239479836703583260e+01 9.972990927924230675e+01 1.564628984853301708e+00 5.553975901428155615e-02 1.012094240554805902e+00 -5.831769871405646094e-03 -6.772891223198877254e-05 6.105395849220769233e-04
9.341026710666460531e+01 9.972402022712037706e+01 1.564560641671178365e+00 5.615235357103111336e-02 1.012095571915496706e+00 -5.896028882716782688e-03 -6.773458826640019073e-05 6.106121884584105129e-04
9.442573584629340644e+01 9.971813117499844736e+01 1.564492298489055022e+00 5.676494812778068444e-02 1.012096903276187287e+00 -5.960287894027919281e-03 -6.774026430081160892e-05 6.106847919947441024e-04
9.544120458592219336e+01 9.971224212287651767e+01 1.564423955306931679e+00 5.737754268453024858e-02 1.012098234636878091e+00 -6.024546905339056742e-03 -6.774594033522301356e-05 6.107573955310778005e-04
9.645667332555099449e+01 9.970635307075458797e+01 1.564355612124808337e+00 5.799013724127981967e-02 1.012099565997568673e+00 -6.088805916650193335e-03 -6.775161636963443175e-05 6.108299990674113901e-04
9.747214206517978141e+01 9.970046401863265828e+01 1.564287268942684994e+00 5.860273179802939075e-02 1.012100897358259477e+00 -6.153064927961330796e-03 -6.775729240404584994e-05 6.109026026037450881e-04
9.848761080480858254e+01 9.969457496651072859e+01 1.564218925760561651e+00 5.921532635477895490e-02 1.012102228718950281e+00 -6.217323939272467390e-03 -6.776296843845725458e-05 6.109752061400786777e-04
9.950307954443736946e+01 9.968868591438881310e+01 1.564150582578438309e+00 5.982792091152852598e-02 1.012103560079640863e+00 -6.281582950583603983e-03 -6.776864447286867277e-05 6.110478096764123757e-04
1.005185482840661564e+02 9.968279686226688341e+01 1.564082239396314966e+00 6.044051546827808319e-02 1.012104891440331667e+00 -6.345841961894740577e-03 -6.777432050728009097e-05 6.111204132127459653e-04
1.015340170236949433e+02 9.967690781014495371e+01 1.564013896214191623e+00 6.105311002502765427e-02 1.012106222801022248e+00 -6.410100973205877170e-03 -6.777999654169149560e-05 6.111930167490796633e-04
1.025494857633237444e+02 9.967101875802302402e+01 1.563945553032068281e+00 6.166570458177722536e-02 1.012107554161713052e+00 -6.474359984517013764e-03 -6.778567257610291379e-05 6.112656202854132529e-04
1.035649545029525314e+02 9.966512970590109433e+01 1.563877209849944938e+00 6.227829913852678950e-02 1.012108885522403634e+00 -6.538618995828151224e-03 -6.779134861051433199e-05 6.113382238217468425e-04
1.045804323269070011e+02 9.965899181948643104e+01 1.563808933197463835e+00 6.289121068864698960e-02 1.012110196452116195e+00 -6.602901721708579613e-03 -6.779726823524998545e-05 6.114139761996452037e-04
1.055959568316664559e+02 9.965157527073418464e+01 1.563740998414855143e+00 6.350575114401102450e-02 1.012111402395002635e+00 -6.667306307507395863e-03 -6.780443957561530432e-05 6.115059092456961304e-04
1.066114813364259106e+02 9.964415872198192403e+01 1.563673063632246452e+00 6.412029159937505940e-02 1.012112608337889075e+00 -6.731710893306212980e-03 -6.781161091598062319e-05 6.115978422917470571e-04
1.076270058411853654e+02 9.963674217322967763e+01 1.563605128849637760e+00 6.473483205473909430e-02 1.012113814280775737e+00 -6.796115479105029229e-03 -6.781878225634594207e-05 6.116897753377979838e-04
1.086425303459448060e+02 9.962932562447743123e+01 1.563537194067029068e+00 6.534937251010311532e-02 1.012115020223662176e+00 -6.860520064903845479e-03 -6.782595359671126094e-05 6.117817083838489106e-04
1.096580548507042607e+02 9.962190907572517062e+01 1.563469259284420376e+00 6.596391296546715022e-02 1.012116226166548838e+00 -6.924924650702661728e-03 -6.783312493707657981e-05 6.118736414298998373e-04
1.106735793554637155e+02 9.961449252697292422e+01 1.563401324501811684e+00 6.657845342083118512e-02 1.012117432109435278e+00 -6.989329236501478845e-03 -6.784029627744191224e-05 6.119655744759507640e-04
1.116891038602231845e+02 9.960707597822067783e+01 1.563333389719202993e+00 6.719299387619522002e-02 1.012118638052321939e+00 -7.053733822300295095e-03 -6.784746761780723111e-05 6.120575075220017992e-04
1.127046283649826393e+02 9.959965942946841722e+01 1.563265454936594301e+00 6.780753433155925491e-02 1.012119843995208379e+00 -7.118138408099112212e-03 -6.785463895817254998e-05 6.121494405680527259e-04
1.137201528697420940e+02 9.959224288071617082e+01 1.563197520153985609e+00 6.842207478692328981e-02 1.012121049938095041e+00 -7.182542993897929329e-03 -6.786181029853786885e-05 6.122413736141036527e-04
1.147356773745015488e+02 9.958482633196392442e+01 1.563129585371376917e+00 6.903661524228732471e-02 1.012122255880981481e+00 -7.246947579696745578e-03 -6.786898163890318773e-05 6.123333066601545794e-04
1.157512018792609894e+02 9.957740978321166381e+01 1.563061650588768225e+00 6.965115569765135961e-02 1.012123461823868142e+00 -7.311352165495561828e-03 -6.787615297926850660e-05 6.124252397062055061e-04
1.167667263840204441e+02 9.956999323445941741e+01 1.562993715806159534e+00 7.026569615301539451e-02 1.012124667766754582e+00 -7.375756751294378077e-03 -6.788332431963382547e-05 6.125171727522564329e-04
1.177822508887798989e+02 9.956257668570717101e+01 1.562925781023550620e+00 7.088023660837942941e-02 1.012125873709641244e+00 -7.440161337093195194e-03 -6.789049565999914434e-05 6.126091057983073596e-04
1.187977753935393537e+02 9.955516013695491040e+01 1.562857846240941928e+00 7.149477706374346431e-02 1.012127079652527684e+00 -7.504565922892011444e-03 -6.789766700036446322e-05 6.127010388443582863e-04
1.198132998982988227e+02 9.954774358820266400e+01 1.562789911458333236e+00 7.210931751910749921e-02 1.012128285595414345e+00 -7.568970508690828561e-03 -6.790483834072978209e-05 6.127929718904093215e-04
1.208288244030582774e+02 9.954032703945041760e+01 1.562721976675724544e+00 7.272385797447153410e-02 1.012129491538300785e+00 -7.633375094489644810e-03 -6.791200968109511451e-05 6.128849049364602482e-04
1.218443489078177322e+02 9.953291049069815699e+01 1.562654041893115853e+00 7.333839842983556900e-02 1.012130697481187447e+00 -7.697779680288461927e-03 -6.791918102146043339e-05 6.129768379825111749e-04
1.228598734125771728e+02 9.952549394194591059e+01 1.562586107110507161e+00 7.395293888519960390e-02 1.012131903424073887e+00 -7.762184266087277310e-03 -6.792635236182575226e-05 6.130687710285621017e-04
1.238753979173366275e+02 9.951807739319366419e+01 1.562518172327898469e+00 7.456747934056362492e-02 1.012133109366960326e+00 -7.826588851886093559e-03 -6.793352370219107113e-05 6.131607040746130284e-04
1.248909224220960823e+02 9.951066084444140358e+01 1.562450237545289777e+00 7.518201979592767370e-02 1.012134315309846988e+00 -7.890993437684911543e-03 -6.794069504255639000e-05 6.132526371206639551e-04
1.259064469268555371e+02 9.950324429568915718e+01 1.562382302762681086e+00 7.579656025129170860e-02 1.012135521252733428e+00 -7.955398023483727793e-03 -6.794786638292170887e-05 6.133445701667148819e-04
1.269219714316149918e+02 9.949582774693691078e+01 1.562314367980072394e+00 7.641110070665574350e-02 1.012136727195620090e+00 -8.019802609282544043e-03 -6.795503772328702775e-05 6.134365032127658086e-04
1.279374959363744608e+02 9.948841119818465017e+01 1.562246433197463702e+00 7.702564116201977840e-02 1.012137933138506529e+00 -8.084207195081360292e-03 -6.796220906365234662e-05 6.135284362588167353e-04
1.289530204411339014e+02 9.948099464943240378e+01 1.562178498414855010e+00 7.764018161738381330e-02 1.012139139081393191e+00 -8.148611780880178276e-03 -6.796938040401766549e-05 6.136203693048677705e-04
1.299685492925053438e+02 9.947311443520263197e+01 1.562110451993619753e+00 7.825546168506895828e-02 1.012140568255999407e+00 -8.213072185427657684e-03 -6.797700828198145425e-05 6.137182428454072709e-04
1.309840889897197371e+02 9.946407726402655669e+01 1.562042127007145842e+00 7.887258726348100879e-02 1.012142554447466702e+00 -8.277671871185684691e-03 -6.798577533111798668e-05 6.138309393492601563e-04
1.319996286869341020e+02 9.945504009285048141e+01 1.561973802020671709e+00 7.948971284189307318e-02 1.012144540638933998e+00 -8.342271556943711697e-03 -6.799454238025450555e-05 6.139436358531129333e-04
1.330151683841484953e+02 9.944600292167440614e+01 1.561905477034197798e+00 8.010683842030513757e-02 1.012146526830401294e+00 -8.406871242701738703e-03 -6.800330942939102443e-05 6.140563323569657103e-04
1.340307080813628602e+02 9.943696575049833086e+01 1.561837152047723665e+00 8.072396399871718808e-02 1.012148513021868590e+00 -8.471470928459765709e-03 -6.801207647852755686e-05 6.141690288608185957e-04
1.350462477785772535e+02 9.942792857932226980e+01 1.561768827061249754e+00 8.134108957712925247e-02 1.012150499213335886e+00 -8.536070614217794450e-03 -6.802084352766407573e-05 6.142817253646713728e-04
1.360617874757916468e+02 9.941889140814619452e+01 1.561700502074775621e+00 8.195821515554130299e-02 1.012152485404802960e+00 -8.600670299975821456e-03 -6.802961057680059461e-05 6.143944218685241498e-04
1.370773271730060117e+02 9.940985423697011925e+01 1.561632177088301709e+00 8.257534073395336738e-02 1.012154471596270255e+00 -8.665269985733848462e-03 -6.803837762593711348e-05 6.145071183723770352e-04
1.380928668702204050e+02 9.940081706579404397e+01 1.561563852101827576e+00 8.319246631236543177e-02 1.012156457787737551e+00 -8.729869671491875469e-03 -6.804714467507364591e-05 6.146198148762298122e-04
1.391084065674347698e+02 9.939177989461798290e+01 1.561495527115353443e+00 8.380959189077748228e-02 1.012158443979204847e+00 -8.794469357249904209e-03 -6.805591172421016479e-05 6.147325113800825892e-04
1.401239462646491631e+02 9.938274272344190763e+01 1.561427202128879532e+00 8.442671746918954667e-02 1.012160430170672143e+00 -8.859069043007931216e-03 -6.806467877334668366e-05 6.148452078839354747e-04
1.411394859618634996e+02 9.937370555226583235e+01 1.561358877142405399e+00 8.504384304760158331e-02 1.012162416362139439e+00 -8.923668728765956487e-03 -6.807344582248321609e-05 6.149579043877882517e-04
1.421550256590778929e+02 9.936466838108975708e+01 1.561290552155931488e+00 8.566096862601364770e-02 1.012164402553606735e+00 -8.988268414523983493e-03 -6.808221287161973496e-05 6.150706008916410287e-04
1.431705653562922862e+02 9.935563120991369601e+01 1.561222227169457355e+00 8.627809420442569821e-02 1.012166388745073808e+00 -9.052868100282010499e-03 -6.809097992075625384e-05 6.151832973954939141e-04
1.441861050535066511e+02 9.934659403873762074e+01 1.561153902182983444e+00 8.689521978283776260e-02 1.012168374936541104e+00 -9.117467786040039240e-03 -6.809974696989277271e-05 6.152959938993466911e-04
1.452016447507210444e+02 9.933755686756154546e+01 1.561085577196509311e+00 8.751234536124982699e-02 1.012170361128008400e+00 -9.182067471798066247e-03 -6.810851401902930514e-05 6.154086904031994681e-04
1.462171844479354093e+02 9.932851969638547018e+01 1.561017252210035400e+00 8.812947093966187750e-02 1.012172347319475696e+00 -9.246667157556093253e-03 -6.811728106816582402e-05 6.155213869070523536e-04
1.472327241451498026e+02 9.931948252520940912e+01 1.560948927223561267e+00 8.874659651807394189e-02 1.012174333510942992e+00 -9.311266843314121994e-03 -6.812604811730234289e-05 6.156340834109051306e-04
1.482482638423641674e+02 9.931044535403333384e+01 1.560880602237087134e+00 8.936372209648600629e-02 1.012176319702410288e+00 -9.375866529072149000e-03 -6.813481516643887532e-05 6.157467799147580160e-04
1.492638035395785607e+02 9.930140818285725857e+01 1.560812277250613223e+00 8.998084767489805680e-02 1.012178305893877583e+00 -9.440466214830176006e-03 -6.814358221557539419e-05 6.158594764186107930e-04
1.502793432367929540e+02 9.929237101168118329e+01 1.560743952264139089e+00 9.059797325331012119e-02 1.012180292085344657e+00 -9.505065900588203012e-03 -6.815234926471191307e-05 6.159721729224635700e-04
1.512948829340073189e+02 9.928333384050512223e+01 1.560675627277665178e+00 9.121509883172217170e-02 1.012182278276811953e+00 -9.569665586346230018e-03 -6.816111631384843194e-05 6.160848694263164555e-04
1.523104226312217122e+02 9.927429666932904695e+01 1.560607302291191045e+00 9.183222441013423609e-02 1.012184264468279249e+00 -9.634265272104258759e-03 -6.816988336298496437e-05 6.161975659301692325e-04
1.533259623284360771e+02 9.926525949815297167e+01 1.560538977304717134e+00 9.244934998854630048e-02 1.012186250659746545e+00 -9.698864957862285766e-03 -6.817865041212148325e-05 6.163102624340220095e-04
1.543415020256504704e+02 9.925622232697689640e+01 1.560470652318243001e+00 9.306647556695835100e-02 1.012188236851213841e+00 -9.763464643620312772e-03 -6.818741746125800212e-05 6.164229589378748949e-04
1.553570528476687969e+02 9.924690927755503367e+01 1.560402282875998692e+00 9.368415491577621046e-02 1.012190267645919128e+00 -9.828105782413189967e-03 -6.819646128139385559e-05 6.165392907149439125e-04
1.563726916110825300e+02 9.923541541506308761e+01 1.560333562011609443e+00 9.430621181069347159e-02 1.012192651028499091e+00 -9.893074606775967977e-03 -6.820769297180199033e-05 6.166843592679784785e-04
1.573883303744962348e+02 9.922392155257115576e+01 1.560264841147220194e+00 9.492826870561073271e-02 1.012195034411079053e+00 -9.958043431138745988e-03 -6.821892466221013863e-05 6.168294278210130445e-04
1.584039691379099679e+02 9.921242769007922391e+01 1.560196120282830723e+00 9.555032560052797996e-02 1.012197417793659016e+00 -1.002301225550152400e-02 -6.823015635261827337e-05 6.169744963740475020e-04
1.594196079013237011e+02 9.920093382758729206e+01 1.560127399418441474e+00 9.617238249544524109e-02 1.012199801176238978e+00 -1.008798107986430201e-02 -6.824138804302640811e-05 6.171195649270820680e-04
1.604352466647374342e+02 9.918943996509536021e+01 1.560058678554052225e+00 9.679443939036250222e-02 1.012202184558818940e+00 -1.015294990422708002e-02 -6.825261973343454286e-05 6.172646334801166340e-04
1.614508854281511674e+02 9.917794610260342836e+01 1.559989957689662976e+00 9.741649628527976335e-02 1.012204567941398903e+00 -1.021791872858985803e-02 -6.826385142384267760e-05 6.174097020331510916e-04
1.624665241915649005e+02 9.916645224011149651e+01 1.559921236825273505e+00 9.803855318019702447e-02 1.012206951323978865e+00 -1.028288755295263604e-02 -6.827508311425081234e-05 6.175547705861856576e-04
1.634821629549786053e+02 9.915495837761956466e+01 1.559852515960884256e+00 9.866061007511428560e-02 1.012209334706558828e+00 -1.034785637731541405e-02 -6.828631480465894709e-05 6.176998391392202236e-04
1.644978017183923384e+02 9.914346451512761860e+01 1.559783795096495007e+00 9.928266697003154673e-02 1.012211718089138790e+00 -1.041282520167819206e-02 -6.829754649506708183e-05 6.178449076922546811e-04
1.655134404818060716e+02 9.913197065263568675e+01 1.559715074232105758e+00 9.990472386494880785e-02 1.012214101471718752e+00 -1.047779402604097007e-02 -6.830877818547523013e-05 6.179899762452892471e-04
1.665290792452198048e+02 9.912047679014375490e+01 1.559646353367716287e+00 1.005267807598660551e-01 1.012216484854298715e+00 -1.054276285040374808e-02 -6.832000987588336487e-05 6.181350447983238131e-04
1.675447180086335379e+02 9.910898292765182305e+01 1.559577632503327038e+00 1.011488376547833162e-01 1.012218868236878677e+00 -1.060773167476652609e-02 -6.833124156629149962e-05 6.182801133513583791e-04
1.685603567720472711e+02 9.909748906515989120e+01 1.559508911638937789e+00 1.017708945497005774e-01 1.012221251619458862e+00 -1.067270049912930410e-02 -6.834247325669963436e-05 6.184251819043928367e-04
1.695759955354609474e+02 9.908599520266795935e+01 1.559440190774548540e+00 1.023929514446178246e-01 1.012223635002038824e+00 -1.073766932349208038e-02 -6.835370494710776910e-05 6.185702504574274027e-04
1.705916342988746806e+02 9.907450134017602750e+01 1.559371469910159069e+00 1.030150083395350857e-01 1.012226018384618786e+00 -1.080263814785485839e-02 -6.836493663751590385e-05 6.187153190104619687e-04
1.716072730622884137e+02 9.906300747768409565e+01 1.559302749045769820e+00 1.036370652344523330e-01 1.012228401767198749e+00 -1.086760697221763640e-02 -6.837616832792403859e-05 6.188603875634964262e-04
1.726229118257021469e+02 9.905151361519214959e+01 1.559234028181380571e+00 1.042591221293695941e-01 1.012230785149778711e+00 -1.093257579658041441e-02 -6.838740001833217333e-05 6.190054561165309922e-04
1.736385505891158800e+02 9.904001975270021774e+01 1.559165307316991100e+00 1.048811790242868552e-01 1.012233168532358674e+00 -1.099754462094319242e-02 -6.839863170874030808e-05 6.191505246695655582e-04
1.746541893525296132e+02 9.902852589020828589e+01 1.559096586452601851e+00 1.055032359192041164e-01 1.012235551914938636e+00 -1.106251344530597043e-02 -6.840986339914845637e-05 6.192955932226000158e-04
1.756698281159433463e+02 9.901703202771635404e+01 1.559027865588212602e+00 1.061252928141213775e-01 1.012237935297518598e+00 -1.112748226966874844e-02 -6.842109508955659112e-05 6.194406617756345818e-04
1.766854668793570795e+02 9.900553816522442219e+01 1.558959144723823353e+00 1.067473497090386386e-01 1.012240318680098561e+00 -1.119245109403152645e-02 -6.843232677996472586e-05 6.195857303286691478e-04
1.777011056427707842e+02 9.899404430273249034e+01 1.558890423859433882e+00 1.073694066039558997e-01 1.012242702062678523e+00 -1.125741991839430446e-02 -6.844355847037286061e-05 6.197307988817036054e-04
1.787167444061845174e+02 9.898255044024055849e+01 1.558821702995044634e+00 1.079914634988731609e-01 1.012245085445258486e+00 -1.132238874275708247e-02 -6.845479016078099535e-05 6.198758674347381713e-04
1.797323831695982506e+02 9.897105657774861243e+01 1.558752982130655385e+00 1.086135203937904081e-01 1.012247468827838448e+00 -1.138735756711986048e-02 -6.846602185118913009e-05 6.200209359877727373e-04
1.807480219330119837e+02 9.895956271525668058e+01 1.558684261266266136e+00 1.092355772887076693e-01 1.012249852210418410e+00 -1.145232639148263849e-02 -6.847725354159726484e-05 6.201660045408071949e-04
1.817636606964257169e+02 9.894806885276474873e+01 1.558615540401876665e+00 1.098576341836249304e-01 1.012252235592998373e+00 -1.151729521584541650e-02 -6.848848523200539958e-05 6.203110730938417609e-04
1.827792994598394500e+02 9.893657499027281688e+01 1.558546819537487416e+00 1.104796910785421915e-01 1.012254618975578557e+00 -1.158226404020819451e-02 -6.849971692241354788e-05 6.204561416468763269e-04
1.837949382232531548e+02 9.892508112778088503e+01 1.558478098673098167e+00 1.111017479734594388e-01 1.012257002358158520e+00 -1.164723286457097079e-02 -6.851094861282168262e-05 6.206012101999107845e-04
1.848105769866668595e+02 9.891358726528895318e+01 1.558409377808708918e+00 1.117238048683766860e-01 1.012259385740738482e+00 -1.171220168893374880e-02 -6.852218030322981736e-05 6.207462787529453505e-04
1.858262157500805927e+02 9.890209340279702133e+01 1.558340656944319447e+00 1.123458617632939471e-01 1.012261769123318444e+00 -1.177717051329652681e-02 -6.853341199363795211e-05 6.208913473059799164e-04
1.868418545134943258e+02 9.889059954030508948e+01 1.558271936079930198e+00 1.129679186582112083e-01 1.012264152505898407e+00 -1.184213933765930482e-02 -6.854464368404608685e-05 6.210364158590144824e-04
1.878574932769080590e+02 9.887910567781314342e+01 1.558203215215540949e+00 1.135899755531284694e-01 1.012266535888478369e+00 -1.190710816202208283e-02 -6.855587537445422160e-05 6.211814844120489400e-04
1.888731320403217921e+02 9.886761181532121157e+01 1.558134494351151700e+00 1.142120324480457305e-01 1.012268919271058332e+00 -1.197207698638486084e-02 -6.856710706486235634e-05 6.213265529650835060e-04
1.898887708037354969e+02 9.885611795282927972e+01 1.558065773486762229e+00 1.148340893429629916e-01 1.012271302653638294e+00 -1.203704581074763885e-02 -6.857833875527049108e-05 6.214716215181180720e-04
1.909044095671492300e+02 9.884462409033734787e+01 1.557997052622372980e+00 1.154561462378802528e-01 1.012273686036218256e+00 -1.210201463511041686e-02 -6.858957044567863938e-05 6.216166900711525296e-04
1.919200483305629632e+02 9.883313022784541602e+01 1.557928331757983731e+00 1.160782031327975139e-01 1.012276069418798219e+00 -1.216698345947319487e-02 -6.860080213608677412e-05 6.217617586241870956e-04
1.929356870939766964e+02 9.882163636535348417e+01 1.557859610893594482e+00 1.167002600277147750e-01 1.012278452801378181e+00 -1.223195228383597288e-02 -6.861203382649490887e-05 6.219068271772216615e-04
1.939513258573904295e+02 9.881014250286155232e+01 1.557790890029205011e+00 1.173223169226320223e-01 1.012280836183958144e+00 -1.229692110819874916e-02 -6.862326551690304361e-05 6.220518957302561191e-04
1.949669646208041627e+02 9.879864864036962047e+01 1.557722169164815762e+00 1.179443738175492834e-01 1.012283219566538106e+00 -1.236188993256152717e-02 -6.863449720731117836e-05 6.221969642832906851e-04
1.959826033842178958e+02 9.878715477787767441e+01 1.557653448300426513e+00 1.185664307124665445e-01 1.012285602949118068e+00 -1.242685875692430518e-02 -6.864572889771931310e-05 6.223420328363252511e-04
1.969982421476316290e+02 9.877566091538574256e+01 1.557584727436037264e+00 1.191884876073838057e-01 1.012287986331698253e+00 -1.249182758128708319e-02 -6.865696058812744784e-05 6.224871013893597087e-04
1.980138809110453053e+02 9.876416705289381071e+01 1.557516006571647793e+00 1.198105445023010529e-01 1.012290369714278215e+00 -1.255679640564985947e-02 -6.866819227853558259e-05 6.226321699423942747e-04
1.990295196744590385e+02 9.875267319040187886e+01 1.557447285707258544e+00 1.204326013972183002e-01 1.012292753096858178e+00 -1.262176523001263748e-02 -6.867942396894371733e-05 6.227772384954288407e-04
2.000451584378727716e+02 9.874117932790994701e+01 1.557378564842869295e+00 1.210546582921355613e-01 1.012295136479438140e+00 -1.268673405437541549e-02 -6.869065565935186563e-05 6.229223070484632982e-04
2.010607972012865048e+02 9.872968546541801516e+01 1.557309843978480046e+00 1.216767151870528224e-01 1.012297519862018103e+00 -1.275170287873819350e-02 -6.870188734976000037e-05 6.230673756014978642e-04
2.020764359647002379e+02 9.871819160292608331e+01 1.557241123114090575e+00 1.222987720819700835e-01 1.012299903244598065e+00 -1.281667170310097151e-02 -6.871311904016813511e-05 6.232124441545324302e-04
2.030920747281139711e+02 9.870669774043415146e+01 1.557172402249701326e+00 1.229208289768873447e-01 1.012302286627178027e+00 -1.288164052746374952e-02 -6.872435073057626986e-05 6.233575127075669962e-04
2.041077134915276758e+02 9.869520387794220539e+01 1.557103681385312077e+00 1.235428858718046058e-01 1.012304670009757990e+00 -1.294660935182652753e-02 -6.873558242098440460e-05 6.235025812606014538e-04
2.051233522549414090e+02 9.868371001545027354e+01 1.557034960520922828e+00 1.241649427667218530e-01 1.012307053392337952e+00 -1.301157817618930554e-02 -6.874681411139253935e-05 6.236476498136360198e-04
2.061389910183551422e+02 9.867221615295834170e+01 1.556966239656533357e+00 1.247869996616391142e-01 1.012309436774917915e+00 -1.307654700055208355e-02 -6.875804580180067409e-05 6.237927183666705858e-04
2.071547431787460880e+02 9.865807514610798989e+01 1.556897056225945875e+00 1.254159258601896254e-01 1.012312475293332348e+00 -1.314202606514416373e-02 -6.877200521471427868e-05 6.239743762146853943e-04
2.081705304284201645e+02 9.864311501338512755e+01 1.556827729660005710e+00 1.260469776792466912e-01 1.012315716535376442e+00 -1.320766301722420093e-02 -6.878680868740500625e-05 6.241673561646022758e-04
2.091863176780942410e+02 9.862815488066226521e+01 1.556758403094065768e+00 1.266780294983037569e-01 1.012318957777420314e+00 -1.327329996930423812e-02 -6.880161216009574737e-05 6.243603361145190489e-04
2.102021049277683176e+02 9.861319474793940287e+01 1.556689076528125604e+00 1.273090813173608227e-01 1.012322199019464186e+00 -1.333893692138427532e-02 -6.881641563278647494e-05 6.245533160644358220e-04
2.112178921774423941e+02 9.859823461521655474e+01 1.556619749962185661e+00 1.279401331364178884e-01 1.012325440261508280e+00 -1.340457387346431252e-02 -6.883121910547721606e-05 6.247462960143527035e-04
2.122336794271164706e+02 9.858327448249369240e+01 1.556550423396245497e+00 1.285711849554749542e-01 1.012328681503552152e+00 -1.347021082554434972e-02 -6.884602257816794363e-05 6.249392759642694766e-04
2.132494666767905187e+02 9.856831434977083006e+01 1.556481096830305333e+00 1.292022367745319922e-01 1.012331922745596247e+00 -1.353584777762438518e-02 -6.886082605085868476e-05 6.251322559141862497e-04
2.142652539264645952e+02 9.855335421704796772e+01 1.556411770264365391e+00 1.298332885935890579e-01 1.012335163987640119e+00 -1.360148472970442238e-02 -6.887562952354941233e-05 6.253252358641031312e-04
2.152810411761386717e+02 9.853839408432511959e+01 1.556342443698425226e+00 1.304643404126461237e-01 1.012338405229683991e+00 -1.366712168178445957e-02 -6.889043299624015345e-05 6.255182158140199043e-04
2.162968284258127483e+02 9.852343395160225725e+01 1.556273117132485284e+00 1.310953922317031894e-01 1.012341646471728085e+00 -1.373275863386449677e-02 -6.890523646893089457e-05 6.257111957639366773e-04
2.173126156754868248e+02 9.850847381887939491e+01 1.556203790566545120e+00 1.317264440507602552e-01 1.012344887713771957e+00 -1.379839558594453397e-02 -6.892003994162162214e-05 6.259041757138535588e-04
2.183284029251609013e+02 9.849351368615653257e+01 1.556134464000604956e+00 1.323574958698173210e-01 1.012348128955815829e+00 -1.386403253802457117e-02 -6.893484341431236327e-05 6.260971556637703319e-04
2.193441901748350062e+02 9.847855355343367023e+01 1.556065137434665013e+00 1.329885476888743867e-01 1.012351370197859923e+00 -1.392966949010460836e-02 -6.894964688700309084e-05 6.262901356136871050e-04
2.203599774245090828e+02 9.846359342071082210e+01 1.555995810868724849e+00 1.336195995079314525e-01 1.012354611439903795e+00 -1.399530644218464556e-02 -6.896445035969383196e-05 6.264831155636039865e-04
2.213757646741831593e+02 9.844863328798795976e+01 1.555926484302784907e+00 1.342506513269885182e-01 1.012357852681947668e+00 -1.406094339426468276e-02 -6.897925383238455953e-05 6.266760955135207596e-04
2.223915519238572358e+02 9.843367315526509742e+01 1.555857157736844743e+00 1.348817031460455840e-01 1.012361093923991762e+00 -1.412658034634471996e-02 -6.899405730507530065e-05 6.268690754634375327e-04
2.234073391735313123e+02 9.841871302254223508e+01 1.555787831170904800e+00 1.355127549651026497e-01 1.012364335166035634e+00 -1.419221729842475715e-02 -6.900886077776604178e-05 6.270620554133544142e-04
2.244231264232053888e+02 9.840375288981937274e+01 1.555718504604964636e+00 1.361438067841597155e-01 1.012367576408079506e+00 -1.425785425050479435e-02 -6.902366425045676935e-05 6.272550353632711873e-04
2.254389136728794654e+02 9.838879275709652461e+01 1.555649178039024472e+00 1.367748586032167535e-01 1.012370817650123600e+00 -1.432349120258483155e-02 -6.903846772314751047e-05 6.274480153131879604e-04
2.264547009225535419e+02 9.837383262437366227e+01 1.555579851473084529e+00 1.374059104222738470e-01 1.012374058892167472e+00 -1.438912815466486875e-02 -6.905327119583823804e-05 6.276409952631048419e-04
2.274704881722275900e+02 9.835887249165079993e+01 1.555510524907144365e+00 1.380369622413308850e-01 1.012377300134211344e+00 -1.445476510674490421e-02 -6.906807466852897916e-05 6.278339752130216150e-04
2.284862754219016665e+02 9.834391235892793759e+01 1.555441198341204423e+00 1.386680140603879507e-01 1.012380541376255438e+00 -1.452040205882494141e-02 -6.908287814121970673e-05 6.280269551629383881e-04
2.295020626715757430e+02 9.832895222620508946e+01 1.555371871775264259e+00 1.392990658794450165e-01 1.012383782618299310e+00 -1.458603901090497861e-02 -6.909768161391044786e-05 6.282199351128552696e-04
2.305178499212498195e+02 9.831399209348222712e+01 1.555302545209324316e+00 1.399301176985020823e-01 1.012387023860343183e+00 -1.465167596298501580e-02 -6.911248508660118898e-05 6.284129150627720426e-04
2.315336371709238961e+02 9.829903196075936478e+01 1.555233218643384152e+00 1.405611695175591480e-01 1.012390265102387277e+00 -1.471731291506505300e-02 -6.912728855929191655e-05 6.286058950126888157e-04
2.325494244205979726e+02 9.828407182803650244e+01 1.555163892077443988e+00 1.411922213366161860e-01 1.012393506344431149e+00 -1.478294986714509020e-02 -6.914209203198265767e-05 6.287988749626056972e-04
2.335652116702720491e+02 9.826911169531364010e+01 1.555094565511504046e+00 1.418232731556732795e-01 1.012396747586475021e+00 -1.484858681922512740e-02 -6.915689550467338524e-05 6.289918549125224703e-04
2.345809989199461256e+02 9.825415156259079197e+01 1.555025238945563881e+00 1.424543249747303175e-01 1.012399988828519115e+00 -1.491422377130516459e-02 -6.917169897736412637e-05 6.291848348624392434e-04
2.355967861696202021e+02 9.823919142986792963e+01 1.554955912379623939e+00 1.430853767937873833e-01 1.012403230070562987e+00 -1.497986072338520179e-02 -6.918650245005485394e-05 6.293778148123561249e-04
2.366125734192942787e+02 9.822423129714506729e+01 1.554886585813683775e+00 1.437164286128444490e-01 1.012406471312606859e+00 -1.504549767546523725e-02 -6.920130592274559506e-05 6.295707947622728980e-04
2.376283606689683836e+02 9.820927116442220495e+01 1.554817259247743610e+00 1.443474804319015148e-01 1.012409712554650953e+00 -1.511113462754527445e-02 -6.921610939543632263e-05 6.297637747121896711e-04
2.386441479186424601e+02 9.819431103169934261e+01 1.554747932681803668e+00 1.449785322509585805e-01 1.012412953796694826e+00 -1.517677157962531338e-02 -6.923091286812706375e-05 6.299567546621065526e-04
2.396599351683165366e+02 9.817935089897649448e+01 1.554678606115863504e+00 1.456095840700156463e-01 1.012416195038738698e+00 -1.524240853170535058e-02 -6.924571634081780488e-05 6.301497346120233257e-04
2.406757224179906132e+02 9.816439076625363214e+01 1.554609279549923562e+00 1.462406358890727121e-01 1.012419436280782792e+00 -1.530804548378538778e-02 -6.926051981350853245e-05 6.303427145619400988e-04
2.416915096676646613e+02 9.814943063353076980e+01 1.554539952983983397e+00 1.468716877081297500e-01 1.012422677522826664e+00 -1.537368243586542324e-02 -6.927532328619927357e-05 6.305356945118569803e-04
2.427072969173387378e+02 9.813447050080790746e+01 1.554470626418043455e+00 1.475027395271868158e-01 1.012425918764870536e+00 -1.543931938794546044e-02 -6.929012675889000114e-05 6.307286744617737534e-04
2.437230841670128143e+02 9.811951036808504512e+01 1.554401299852103291e+00 1.481337913462438816e-01 1.012429160006914630e+00 -1.550495634002549764e-02 -6.930493023158074226e-05 6.309216544116905264e-04
2.447388714166868908e+02 9.810455023536219699e+01 1.554331973286163127e+00 1.487648431653009473e-01 1.012432401248958502e+00 -1.557059329210553483e-02 -6.931973370427146983e-05 6.311146343616074079e-04
2.457546586663609673e+02 9.808959010263933465e+01 1.554262646720223184e+00 1.493958949843580131e-01 1.012435642491002596e+00 -1.563623024418557203e-02 -6.933453717696221096e-05 6.313076143115241810e-04
2.467704459160350439e+02 9.807462996991647231e+01 1.554193320154283020e+00 1.500269468034150788e-01 1.012438883733046469e+00 -1.570186719626560923e-02 -6.934934064965295208e-05 6.315005942614409541e-04
2.477862331657091204e+02 9.805966983719360996e+01 1.554123993588343078e+00 1.506579986224721446e-01 1.012442124975090341e+00 -1.576750414834564643e-02 -6.936414412234367965e-05 6.316935742113578356e-04
2.488020204153831969e+02 9.804470970447076184e+01 1.554054667022402914e+00 1.512890504415292103e-01 1.012445366217134435e+00 -1.583314110042568362e-02 -6.937894759503442077e-05 6.318865541612746087e-04
2.498178076650572734e+02 9.802974957174789949e+01 1.553985340456462971e+00 1.519201022605862761e-01 1.012448607459178307e+00 -1.589877805250572082e-02 -6.939375106772514834e-05 6.320795341111913818e-04
2.508335949147313499e+02 9.801478943902503715e+01 1.553916013890522807e+00 1.525511540796433418e-01 1.012451848701222179e+00 -1.596441500458575802e-02 -6.940855454041588947e-05 6.322725140611082633e-04
2.518493821644054265e+02 9.799982930630217481e+01 1.553846687324582643e+00 1.531822058987004076e-01 1.012455089943266273e+00 -1.603005195666579522e-02 -6.942335801310661704e-05 6.324654940110250364e-04
2.528651694140795030e+02 9.798486917357931247e+01 1.553777360758642700e+00 1.538132577177574734e-01 1.012458331185310145e+00 -1.609568890874583241e-02 -6.943816148579735816e-05 6.326584739609418095e-04
2.538809566637535795e+02 9.796990904085646434e+01 1.553708034192702536e+00 1.544443095368145391e-01 1.012461572427354017e+00 -1.616132586082586961e-02 -6.945296495848809928e-05 6.328514539108586910e-04
2.548967439134276844e+02 9.795494890813360200e+01 1.553638707626762594e+00 1.550753613558716049e-01 1.012464813669398112e+00 -1.622696281290590681e-02 -6.946776843117882685e-05 6.330444338607754641e-04
2.559125311631017325e+02 9.793998877541073966e+01 1.553569381060822430e+00 1.557064131749286429e-01 1.012468054911441984e+00 -1.629259976498594054e-02 -6.948257190386956798e-05 6.332374138106922372e-04
2.569283184127758091e+02 9.792502864268787732e+01 1.553500054494882487e+00 1.563374649939857086e-01 1.012471296153485856e+00 -1.635823671706597773e-02 -6.949737537656029555e-05 6.334303937606091187e-04
2.579441056624498856e+02 9.791006850996501498e+01 1.553430727928942323e+00 1.569685168130427744e-01 1.012474537395529950e+00 -1.642387366914601493e-02 -6.951217884925103667e-05 6.336233737105258917e-04
2.589598929121239621e+02 9.789510837724216685e+01 1.553361401363002159e+00 1.575995686320998401e-01 1.012477778637573822e+00 -1.648951062122605213e-02 -6.952698232194176424e-05 6.338163536604426648e-04
2.599756801617980386e+02 9.788014824451930451e+01 1.553292074797062217e+00 1.582306204511569059e-01 1.012481019879617694e+00 -1.655514757330608933e-02 -6.954178579463250536e-05 6.340093336103595463e-04
2.609914674114721151e+02 9.786518811179644217e+01 1.553222748231122052e+00 1.588616722702139716e-01 1.012484261121661788e+00 -1.662078452538612652e-02 -6.955658926732323293e-05 6.342023135602763194e-04
2.620072546611461917e+02 9.785022797907357983e+01 1.553153421665182110e+00 1.594927240892710374e-01 1.012487502363705660e+00 -1.668642147746616372e-02 -6.957139274001397406e-05 6.343952935101930925e-04
2.630230893010725026e+02 9.783438081657018870e+01 1.553083835954091940e+00 1.601267468977591590e-01 1.012490939770110732e+00 -1.675227765473927960e-02 -6.958714850425726814e-05 6.346014425082602229e-04
2.640390831162255836e+02 9.781555428257223639e+01 1.553013379821636786e+00 1.607707487186951500e-01 1.012495036056881403e+00 -1.681887016951253561e-02 -6.960610284240246516e-05 6.348518239408299218e-04
2.650550769313787782e+02 9.779672774857428408e+01 1.552942923689181409e+00 1.614147505396311966e-01 1.012499132343652075e+00 -1.688546268428579855e-02 -6.962505718054766218e-05 6.351022053733997291e-04
2.660710707465319160e+02 9.777790121457634598e+01 1.552872467556726033e+00 1.620587523605671876e-01 1.012503228630422747e+00 -1.695205519905905456e-02 -6.964401151869285920e-05 6.353525868059695363e-04
2.670870645616850538e+02 9.775907468057839367e+01 1.552802011424270656e+00 1.627027541815032063e-01 1.012507324917193419e+00 -1.701864771383231403e-02 -6.966296585683805621e-05 6.356029682385393436e-04
2.681030583768381916e+02 9.774024814658044136e+01 1.552731555291815280e+00 1.633467560024392251e-01 1.012511421203964090e+00 -1.708524022860557004e-02 -6.968192019498325323e-05 6.358533496711091509e-04
2.691190521919913863e+02 9.772142161258248905e+01 1.552661099159359903e+00 1.639907578233752439e-01 1.012515517490734762e+00 -1.715183274337882952e-02 -6.970087453312845025e-05 6.361037311036789581e-04
2.701350460071445241e+02 9.770259507858453674e+01 1.552590643026904527e+00 1.646347596443112349e-01 1.012519613777505434e+00 -1.721842525815208899e-02 -6.971982887127364727e-05 6.363541125362487654e-04
2.711510398222976619e+02 9.768376854458658443e+01 1.552520186894449372e+00 1.652787614652472814e-01 1.012523710064276106e+00 -1.728501777292534847e-02 -6.973878320941884429e-05 6.366044939688185727e-04
2.721670336374507997e+02 9.766494201058863212e+01 1.552449730761993996e+00 1.659227632861832724e-01 1.012527806351046777e+00 -1.735161028769860447e-02 -6.975773754756404131e-05 6.368548754013883800e-04
2.731830274526039943e+02 9.764611547659067980e+01 1.552379274629538619e+00 1.665667651071192912e-01 1.012531902637817449e+00 -1.741820280247186395e-02 -6.977669188570922477e-05 6.371052568339581872e-04
2.741990212677570753e+02 9.762728894259272749e+01 1.552308818497083243e+00 1.672107669280552822e-01 1.012535998924588121e+00 -1.748479531724511996e-02 -6.979564622385442179e-05 6.373556382665278861e-04
2.752150150829102699e+02 9.760846240859477518e+01 1.552238362364627866e+00 1.678547687489913287e-01 1.012540095211358793e+00 -1.755138783201837943e-02 -6.981460056199961881e-05 6.376060196990976934e-04
2.762310088980634077e+02 9.758963587459682287e+01 1.552167906232172490e+00 1.684987705699273197e-01 1.012544191498129464e+00 -1.761798034679163891e-02 -6.983355490014481583e-05 6.378564011316675006e-04
2.772470027132166024e+02 9.757080934059887056e+01 1.552097450099717113e+00 1.691427723908633385e-01 1.012548287784900136e+00 -1.768457286156489838e-02 -6.985250923829001285e-05 6.381067825642373079e-04
2.782629965283696833e+02 9.755198280660091825e+01 1.552026993967261959e+00 1.697867742117993572e-01 1.012552384071670808e+00 -1.775116537633815439e-02 -6.987146357643520987e-05 6.383571639968071152e-04
2.792789903435228211e+02 9.753315627260296594e+01 1.551956537834806582e+00 1.704307760327353483e-01 1.012556480358441480e+00 -1.781775789111141040e-02 -6.989041791458040689e-05 6.386075454293769224e-04
2.802949841586760158e+02 9.751432973860501363e+01 1.551886081702351206e+00 1.710747778536713670e-01 1.012560576645212151e+00 -1.788435040588466987e-02 -6.990937225272560391e-05 6.388579268619467297e-04
2.813109779738290968e+02 9.749550320460707553e+01 1.551815625569895829e+00 1.717187796746073580e-01 1.012564672931982601e+00 -1.795094292065792935e-02 -6.992832659087080092e-05 6.391083082945165370e-04
2.823269717889822914e+02 9.747667667060912322e+01 1.551745169437440452e+00 1.723627814955434046e-01 1.012568769218753273e+00 -1.801753543543118882e-02 -6.994728092901599794e-05 6.393586897270862358e-04
2.833429656041354292e+02 9.745785013661117091e+01 1.551674713304985076e+00 1.730067833164793956e-01 1.012572865505523945e+00 -1.808412795020444483e-02 -6.996623526716119496e-05 6.396090711596560431e-04
2.843589594192885670e+02 9.743902360261321860e+01 1.551604257172529699e+00 1.736507851374154143e-01 1.012576961792294616e+00 -1.815072046497770430e-02 -6.998518960530639198e-05 6.398594525922258504e-04
2.853749532344417048e+02 9.742019706861526629e+01 1.551533801040074545e+00 1.742947869583514331e-01 1.012581058079065288e+00 -1.821731297975096031e-02 -7.000414394345157545e-05 6.401098340247956577e-04
2.863909470495948995e+02 9.740137053461731398e+01 1.551463344907619168e+00 1.749387887792874519e-01 1.012585154365835960e+00 -1.828390549452421979e-02 -7.002309828159677247e-05 6.403602154573654649e-04
2.874069408647480373e+02 9.738254400061936167e+01 1.551392888775163792e+00 1.755827906002234429e-01 1.012589250652606632e+00 -1.835049800929747926e-02 -7.004205261974196948e-05 6.406105968899352722e-04
2.884229346799011751e+02 9.736371746662140936e+01 1.551322432642708415e+00 1.762267924211594616e-01 1.012593346939377303e+00 -1.841709052407073874e-02 -7.006100695788716650e-05 6.408609783225050795e-04
2.894389284950543129e+02 9.734489093262345705e+01 1.551251976510253039e+00 1.768707942420954804e-01 1.012597443226147975e+00 -1.848368303884399474e-02 -7.007996129603236352e-05 6.411113597550748867e-04
2.904549223102075075e+02 9.732606439862550474e+01 1.551181520377797662e+00 1.775147960630314992e-01 1.012601539512918647e+00 -1.855027555361725422e-02 -7.009891563417756054e-05 6.413617411876446940e-04
2.914709161253605885e+02 9.730723786462755243e+01 1.551111064245342286e+00 1.781587978839674902e-01 1.012605635799689319e+00 -1.861686806839051023e-02 -7.011786997232275756e-05 6.416121226202143929e-04
2.924869099405137263e+02 9.728841133062960012e+01 1.551040608112887131e+00 1.788027997049034812e-01 1.012609732086459990e+00 -1.868346058316376623e-02 -7.013682431046795458e-05 6.418625040527842001e-04
2.935029037556669209e+02 9.726958479663164781e+01 1.550970151980431755e+00 1.794468015258395277e-01 1.012613828373230662e+00 -1.875005309793702918e-02 -7.015577864861315160e-05 6.421128854853540074e-04
2.945188975708200587e+02 9.725075826263369549e+01 1.550899695847976378e+00 1.800908033467755187e-01 1.012617924660001334e+00 -1.881664561271028518e-02 -7.017473298675834862e-05 6.423632669179238147e-04
2.955348913859731965e+02 9.723193172863574318e+01 1.550829239715521002e+00 1.807348051677115652e-01 1.012622020946772006e+00 -1.888323812748354466e-02 -7.019368732490354563e-05 6.426136483504936220e-04
2.965508852011263343e+02 9.721310519463780508e+01 1.550758783583065625e+00 1.813788069886475562e-01 1.012626117233542677e+00 -1.894983064225680067e-02 -7.021264166304874265e-05 6.428640297830634292e-04
2.975668790162795290e+02 9.719427866063985277e+01 1.550688327450610249e+00 1.820228088095835750e-01 1.012630213520313349e+00 -1.901642315703006014e-02 -7.023159600119393967e-05 6.431144112156332365e-04
2.985828728314326099e+02 9.717545212664190046e+01 1.550617871318155094e+00 1.826668106305195660e-01 1.012634309807084021e+00 -1.908301567180331615e-02 -7.025055033933912314e-05 6.433647926482030438e-04
2.995988666465858046e+02 9.715662559264394815e+01 1.550547415185699718e+00 1.833108124514556125e-01 1.012638406093854693e+00 -1.914960818657657909e-02 -7.026950467748432016e-05 6.436151740807728510e-04
3.006148604617389424e+02 9.713779905864599584e+01 1.550476959053244341e+00 1.839548142723916035e-01 1.012642502380625364e+00 -1.921620070134983510e-02 -7.028845901562951718e-05 6.438655555133425499e-04
3.016308542768921370e+02 9.711897252464804353e+01 1.550406502920788965e+00 1.845988160933276223e-01 1.012646598667396036e+00 -1.928279321612309458e-02 -7.030741335377471419e-05 6.441159369459123572e-04
3.026468480920452180e+02 9.710014599065009122e+01 1.550336046788333588e+00 1.852428179142636133e-01 1.012650694954166486e+00 -1.934938573089635058e-02 -7.032636769191991121e-05 6.443663183784821644e-04
3.036628419071984126e+02 9.708131945665213891e+01 1.550265590655878212e+00 1.858868197351996598e-01 1.012654791240937158e+00 -1.941597824566961006e-02 -7.034532203006510823e-05 6.446166998110519717e-04
3.046788357223515504e+02 9.706249292265418660e+01 1.550195134523422835e+00 1.865308215561356509e-01 1.012658887527707829e+00 -1.948257076044286953e-02 -7.036427636821030525e-05 6.448670812436217790e-04
3.056948295375046882e+02 9.704366638865623429e+01 1.550124678390967681e+00 1.871748233770716974e-01 1.012662983814478501e+00 -1.954916327521612901e-02 -7.038323070635550227e-05 6.451174626761915862e-04
3.067108233526578260e+02 9.702483985465828198e+01 1.550054222258512304e+00 1.878188251980076884e-01 1.012667080101249173e+00 -1.961575578998938502e-02 -7.040218504450069929e-05 6.453678441087613935e-04
